u1 1.0 22.08 11.46 2.0 4.0 4.0 1.585 0.0 0.0 0.0 1.0 2.0 100.0 1213.0 0.0
u2 0.0 22.67 7.0 2.0 8.0 4.0 0.165 0.0 0.0 0.0 0.0 2.0 160.0 1.0 0.0
u3 0.0 29.58 1.75 1.0 4.0 4.0 1.25 0.0 0.0 0.0 1.0 2.0 280.0 1.0 0.0
u4 0.0 21.67 11.5 1.0 5.0 3.0 0.0 1.0 1.0 11.0 1.0 2.0 0.0 1.0 1.0
u5 1.0 20.17 8.17 2.0 6.0 4.0 1.96 1.0 1.0 14.0 0.0 2.0 60.0 159.0 1.0
u6 0.0 15.83 0.585 2.0 8.0 8.0 1.5 1.0 1.0 2.0 0.0 2.0 100.0 1.0 1.0
u7 1.0 17.42 6.5 2.0 3.0 4.0 0.125 0.0 0.0 0.0 0.0 2.0 60.0 101.0 0.0
u8 0.0 58.67 4.46 2.0 11.0 8.0 3.04 1.0 1.0 6.0 0.0 2.0 43.0 561.0 1.0
u9 1.0 27.83 1.0 1.0 2.0 8.0 3.0 0.0 0.0 0.0 0.0 2.0 176.0 538.0 0.0
u10 0.0 55.75 7.08 2.0 4.0 8.0 6.75 1.0 1.0 3.0 1.0 2.0 100.0 51.0 0.0
u11 1.0 33.5 1.75 2.0 14.0 8.0 4.5 1.0 1.0 4.0 1.0 2.0 253.0 858.0 1.0
u12 1.0 41.42 5.0 2.0 11.0 8.0 5.0 1.0 1.0 6.0 1.0 2.0 470.0 1.0 1.0
u13 1.0 20.67 1.25 1.0 8.0 8.0 1.375 1.0 1.0 3.0 1.0 2.0 140.0 211.0 0.0
u14 1.0 34.92 5.0 2.0 14.0 8.0 7.5 1.0 1.0 6.0 1.0 2.0 0.0 1001.0 1.0
u15 1.0 58.58 2.71 2.0 8.0 4.0 2.415 0.0 0.0 0.0 1.0 2.0 320.0 1.0 0.0
u16 1.0 48.08 6.04 2.0 4.0 4.0 0.04 0.0 0.0 0.0 0.0 2.0 0.0 2691.0 1.0
u17 1.0 29.58 4.5 2.0 9.0 4.0 7.5 1.0 1.0 2.0 1.0 2.0 330.0 1.0 1.0
u18 0.0 18.92 9.0 2.0 6.0 4.0 0.75 1.0 1.0 2.0 0.0 2.0 88.0 592.0 1.0
u19 1.0 20.0 1.25 1.0 4.0 4.0 0.125 0.0 0.0 0.0 0.0 2.0 140.0 5.0 0.0
u20 0.0 22.42 5.665 2.0 11.0 4.0 2.585 1.0 1.0 7.0 0.0 2.0 129.0 3258.0 1.0
u21 0.0 28.17 0.585 2.0 6.0 4.0 0.04 0.0 0.0 0.0 0.0 2.0 260.0 1005.0 0.0
u22 0.0 19.17 0.585 1.0 6.0 4.0 0.585 1.0 0.0 0.0 1.0 2.0 160.0 1.0 0.0
u23 1.0 41.17 1.335 2.0 2.0 4.0 0.165 0.0 0.0 0.0 0.0 2.0 168.0 1.0 0.0
u24 1.0 41.58 1.75 2.0 4.0 4.0 0.21 1.0 0.0 0.0 0.0 2.0 160.0 1.0 0.0
u25 1.0 19.5 9.585 2.0 6.0 4.0 0.79 0.0 0.0 0.0 0.0 2.0 80.0 351.0 0.0
u26 1.0 32.75 1.5 2.0 13.0 8.0 5.5 1.0 1.0 3.0 1.0 2.0 0.0 1.0 1.0
u27 1.0 22.5 0.125 1.0 4.0 4.0 0.125 0.0 0.0 0.0 0.0 2.0 200.0 71.0 0.0
u28 1.0 33.17 3.04 1.0 8.0 8.0 2.04 1.0 1.0 1.0 1.0 2.0 180.0 18028.0 1.0
u29 0.0 30.67 12.0 2.0 8.0 4.0 2.0 1.0 1.0 1.0 0.0 2.0 220.0 20.0 1.0
u30 1.0 23.08 2.5 2.0 8.0 4.0 1.085 1.0 1.0 11.0 1.0 2.0 60.0 2185.0 1.0
u31 1.0 27.0 0.75 2.0 8.0 8.0 4.25 1.0 1.0 3.0 1.0 2.0 312.0 151.0 1.0
u32 0.0 20.42 10.5 1.0 14.0 8.0 0.0 0.0 0.0 0.0 1.0 2.0 154.0 33.0 0.0
u33 1.0 52.33 1.375 1.0 8.0 8.0 9.46 1.0 0.0 0.0 1.0 2.0 200.0 101.0 0.0
u34 1.0 23.08 11.5 2.0 9.0 8.0 2.125 1.0 1.0 11.0 1.0 2.0 290.0 285.0 1.0
u35 1.0 42.83 1.25 2.0 7.0 4.0 13.875 0.0 1.0 1.0 1.0 2.0 352.0 113.0 0.0
u36 1.0 74.83 19.0 1.0 1.0 1.0 0.04 0.0 1.0 2.0 0.0 2.0 0.0 352.0 0.0
u37 1.0 25.0 12.5 2.0 6.0 4.0 3.0 1.0 0.0 0.0 1.0 1.0 20.0 1.0 1.0
u38 1.0 39.58 13.915 2.0 9.0 4.0 8.625 1.0 1.0 6.0 1.0 2.0 70.0 1.0 1.0
u39 0.0 47.75 8.0 2.0 8.0 4.0 7.875 1.0 1.0 6.0 1.0 2.0 0.0 1261.0 1.0
u40 0.0 47.42 3.0 2.0 14.0 4.0 13.875 1.0 1.0 2.0 1.0 2.0 519.0 1705.0 1.0
u41 1.0 23.17 0.0 2.0 13.0 4.0 0.085 1.0 0.0 0.0 0.0 2.0 0.0 1.0 1.0
u42 1.0 22.58 1.5 1.0 6.0 4.0 0.54 0.0 0.0 0.0 1.0 2.0 120.0 68.0 0.0
u43 1.0 26.75 1.125 2.0 14.0 8.0 1.25 1.0 0.0 0.0 0.0 2.0 0.0 5299.0 1.0
u44 1.0 63.33 0.54 2.0 8.0 4.0 0.585 1.0 1.0 3.0 1.0 2.0 180.0 1.0 0.0
u45 1.0 23.75 0.415 1.0 8.0 4.0 0.04 0.0 1.0 2.0 0.0 2.0 128.0 7.0 0.0
u46 0.0 20.75 10.25 2.0 11.0 4.0 0.71 1.0 1.0 2.0 1.0 2.0 49.0 1.0 1.0
u47 0.0 24.5 1.75 1.0 8.0 4.0 0.165 0.0 0.0 0.0 0.0 2.0 132.0 1.0 0.0
u48 1.0 16.17 0.04 2.0 8.0 4.0 0.04 0.0 0.0 0.0 0.0 2.0 0.0 1.0 1.0
u49 0.0 29.5 2.0 1.0 10.0 8.0 2.0 0.0 0.0 0.0 0.0 2.0 256.0 18.0 0.0
u50 0.0 52.83 15.0 2.0 8.0 4.0 5.5 1.0 1.0 14.0 0.0 2.0 0.0 2201.0 1.0
u51 1.0 32.33 3.5 2.0 4.0 4.0 0.5 0.0 0.0 0.0 1.0 2.0 232.0 1.0 0.0
u52 1.0 21.08 4.125 1.0 3.0 8.0 0.04 0.0 0.0 0.0 0.0 2.0 140.0 101.0 0.0
u53 1.0 28.17 0.125 1.0 4.0 4.0 0.085 0.0 0.0 0.0 0.0 2.0 216.0 2101.0 0.0
u54 1.0 19.0 1.75 1.0 8.0 4.0 2.335 0.0 0.0 0.0 1.0 2.0 112.0 7.0 0.0
u55 1.0 27.58 3.25 1.0 11.0 8.0 5.085 0.0 1.0 2.0 1.0 2.0 369.0 2.0 0.0
u56 1.0 27.83 1.5 2.0 9.0 4.0 2.0 1.0 1.0 11.0 1.0 2.0 434.0 36.0 1.0
u57 1.0 40.0 6.5 2.0 6.0 5.0 3.5 1.0 1.0 1.0 0.0 2.0 0.0 501.0 1.0
u58 0.0 37.33 2.5 2.0 3.0 8.0 0.21 0.0 0.0 0.0 0.0 2.0 260.0 247.0 0.0
u59 1.0 42.5 4.915 1.0 9.0 4.0 3.165 1.0 0.0 0.0 1.0 2.0 52.0 1443.0 1.0
u60 1.0 56.75 12.25 2.0 7.0 4.0 1.25 1.0 1.0 4.0 1.0 2.0 200.0 1.0 1.0
u61 1.0 43.17 5.0 2.0 3.0 5.0 2.25 0.0 0.0 0.0 1.0 2.0 141.0 1.0 0.0
u62 0.0 23.75 0.71 2.0 9.0 4.0 0.25 0.0 1.0 1.0 1.0 2.0 240.0 5.0 0.0
u63 1.0 18.5 2.0 2.0 3.0 4.0 1.5 1.0 1.0 2.0 0.0 2.0 120.0 301.0 1.0
u64 0.0 40.83 3.5 2.0 3.0 5.0 0.5 0.0 0.0 0.0 0.0 1.0 1160.0 1.0 0.0
u65 0.0 24.5 0.5 2.0 11.0 8.0 1.5 1.0 0.0 0.0 0.0 2.0 280.0 825.0 1.0
u66 1.0 42.0 9.79 2.0 14.0 8.0 7.96 1.0 1.0 8.0 0.0 2.0 0.0 1.0 1.0
u67 0.0 19.5 0.165 2.0 11.0 4.0 0.04 0.0 0.0 0.0 1.0 2.0 380.0 1.0 0.0
u68 1.0 21.5 11.5 2.0 3.0 4.0 0.5 1.0 0.0 0.0 1.0 2.0 100.0 69.0 0.0
u69 1.0 31.25 2.835 2.0 1.0 1.0 0.0 0.0 1.0 5.0 0.0 2.0 176.0 147.0 0.0
u70 1.0 27.25 1.585 2.0 13.0 8.0 1.835 1.0 1.0 12.0 1.0 2.0 583.0 714.0 1.0
u71 1.0 48.75 26.335 1.0 1.0 1.0 0.0 1.0 0.0 0.0 1.0 2.0 0.0 1.0 0.0
u72 0.0 30.42 1.375 2.0 9.0 8.0 0.04 0.0 1.0 3.0 0.0 2.0 0.0 34.0 0.0
u73 1.0 29.42 1.25 2.0 9.0 4.0 1.75 0.0 0.0 0.0 0.0 2.0 200.0 1.0 0.0
u74 1.0 28.25 5.04 1.0 8.0 5.0 1.5 1.0 1.0 8.0 1.0 2.0 144.0 8.0 1.0
u75 1.0 40.25 21.5 2.0 10.0 9.0 20.0 1.0 1.0 11.0 0.0 2.0 0.0 1201.0 1.0
u76 1.0 36.5 4.25 2.0 11.0 4.0 3.5 0.0 0.0 0.0 0.0 2.0 454.0 51.0 0.0
u77 1.0 25.58 0.335 2.0 4.0 8.0 3.5 0.0 0.0 0.0 1.0 2.0 340.0 1.0 0.0
u78 1.0 29.83 3.5 2.0 8.0 4.0 0.165 0.0 0.0 0.0 0.0 2.0 216.0 1.0 0.0
u79 1.0 23.08 0.0 2.0 4.0 4.0 1.0 0.0 1.0 11.0 0.0 1.0 0.0 1.0 0.0
u80 0.0 32.17 1.46 2.0 9.0 4.0 1.085 1.0 1.0 16.0 0.0 2.0 120.0 2080.0 1.0
u81 1.0 25.17 3.5 2.0 13.0 4.0 0.625 1.0 1.0 7.0 0.0 2.0 0.0 7060.0 1.0
u82 0.0 35.17 3.75 2.0 1.0 1.0 0.0 0.0 1.0 6.0 0.0 2.0 0.0 201.0 0.0
u83 0.0 18.58 10.0 2.0 2.0 4.0 0.415 0.0 0.0 0.0 0.0 2.0 80.0 43.0 0.0
u84 1.0 39.92 5.0 2.0 3.0 5.0 0.21 0.0 0.0 0.0 0.0 2.0 550.0 1.0 0.0
u85 1.0 23.42 1.0 2.0 8.0 4.0 0.5 0.0 0.0 0.0 1.0 1.0 280.0 1.0 0.0
u86 1.0 37.58 0.0 2.0 8.0 4.0 0.0 0.0 0.0 0.0 0.0 3.0 184.0 1.0 1.0
u87 0.0 24.75 13.665 2.0 11.0 8.0 1.5 0.0 0.0 0.0 0.0 2.0 280.0 2.0 0.0
u88 0.0 47.0 13.0 2.0 3.0 5.0 5.165 1.0 1.0 9.0 1.0 2.0 0.0 1.0 1.0
u89 1.0 34.17 5.25 2.0 9.0 4.0 0.085 0.0 0.0 0.0 1.0 2.0 290.0 7.0 1.0
u90 1.0 22.17 0.585 1.0 1.0 1.0 0.0 0.0 0.0 0.0 0.0 2.0 100.0 1.0 0.0
u91 1.0 27.75 1.29 2.0 4.0 8.0 0.25 0.0 0.0 0.0 1.0 1.0 140.0 1.0 0.0
u92 1.0 42.75 4.085 2.0 6.0 4.0 0.04 0.0 0.0 0.0 0.0 2.0 108.0 101.0 0.0
u93 1.0 28.67 14.5 2.0 2.0 4.0 0.125 0.0 0.0 0.0 0.0 2.0 0.0 287.0 0.0
u94 1.0 36.25 5.0 2.0 8.0 5.0 2.5 1.0 1.0 6.0 0.0 2.0 0.0 368.0 1.0
u95 0.0 18.17 10.0 1.0 11.0 8.0 0.165 0.0 0.0 0.0 0.0 2.0 340.0 1.0 0.0
u96 1.0 21.25 1.5 2.0 9.0 4.0 1.5 0.0 0.0 0.0 0.0 2.0 150.0 9.0 1.0
u97 0.0 38.92 1.665 2.0 6.0 4.0 0.25 0.0 0.0 0.0 0.0 2.0 0.0 391.0 0.0
u98 1.0 31.83 0.04 1.0 7.0 4.0 0.04 0.0 0.0 0.0 0.0 2.0 0.0 1.0 0.0
u99 0.0 17.33 9.5 2.0 6.0 4.0 1.75 0.0 1.0 10.0 1.0 2.0 0.0 11.0 0.0
u100 0.0 20.42 0.835 2.0 11.0 4.0 1.585 1.0 1.0 1.0 0.0 2.0 0.0 1.0 1.0
u101 0.0 39.08 4.0 2.0 8.0 4.0 3.0 0.0 0.0 0.0 0.0 2.0 480.0 1.0 0.0
u102 1.0 38.67 0.21 2.0 4.0 4.0 0.085 1.0 0.0 0.0 1.0 2.0 280.0 1.0 1.0
u103 1.0 27.67 13.75 2.0 9.0 4.0 5.75 1.0 0.0 0.0 1.0 2.0 487.0 501.0 1.0
u104 1.0 27.75 0.585 1.0 13.0 4.0 0.25 1.0 1.0 2.0 0.0 2.0 260.0 501.0 1.0
u105 1.0 19.0 0.0 1.0 1.0 1.0 0.0 0.0 1.0 4.0 0.0 2.0 45.0 2.0 0.0
u106 0.0 25.0 0.875 2.0 14.0 8.0 1.04 1.0 0.0 0.0 1.0 2.0 160.0 5861.0 1.0
u107 1.0 27.67 2.0 2.0 14.0 8.0 1.0 1.0 1.0 4.0 0.0 2.0 140.0 7545.0 1.0
u108 1.0 22.25 9.0 2.0 6.0 4.0 0.085 0.0 0.0 0.0 0.0 2.0 0.0 1.0 0.0
u109 0.0 49.83 13.585 2.0 4.0 8.0 8.5 1.0 0.0 0.0 1.0 2.0 0.0 1.0 1.0
u110 1.0 32.33 2.5 2.0 8.0 4.0 1.25 0.0 0.0 0.0 1.0 2.0 280.0 1.0 0.0
u111 1.0 38.25 10.125 1.0 4.0 4.0 0.125 0.0 0.0 0.0 0.0 2.0 160.0 1.0 0.0
u112 1.0 47.33 6.5 2.0 8.0 4.0 1.0 0.0 0.0 0.0 1.0 2.0 0.0 229.0 0.0
u113 1.0 27.83 4.0 1.0 3.0 8.0 5.75 1.0 1.0 2.0 1.0 2.0 75.0 1.0 0.0
u114 0.0 35.75 0.915 2.0 6.0 4.0 0.75 1.0 1.0 4.0 0.0 2.0 0.0 1584.0 1.0
u115 1.0 33.58 0.25 2.0 3.0 5.0 4.0 0.0 0.0 0.0 1.0 1.0 420.0 1.0 0.0
u116 1.0 34.08 0.08 1.0 7.0 5.0 0.04 1.0 1.0 1.0 1.0 2.0 280.0 2001.0 1.0
u117 0.0 20.75 10.335 2.0 13.0 8.0 0.335 1.0 1.0 1.0 1.0 2.0 80.0 51.0 1.0
u118 1.0 33.17 1.0 2.0 14.0 4.0 0.75 1.0 1.0 7.0 1.0 2.0 340.0 4072.0 1.0
u119 1.0 22.75 11.0 2.0 11.0 4.0 2.5 1.0 1.0 7.0 1.0 2.0 100.0 810.0 1.0
u120 1.0 48.75 8.5 2.0 8.0 8.0 12.5 1.0 1.0 9.0 0.0 2.0 181.0 1656.0 1.0
u121 1.0 40.58 5.0 2.0 8.0 4.0 5.0 1.0 1.0 7.0 0.0 2.0 0.0 3066.0 1.0
u122 1.0 20.67 0.835 1.0 8.0 4.0 2.0 0.0 0.0 0.0 1.0 1.0 240.0 1.0 0.0
u123 0.0 38.75 1.5 2.0 1.0 1.0 0.0 0.0 0.0 0.0 0.0 2.0 76.0 1.0 0.0
u124 0.0 57.08 19.5 2.0 8.0 4.0 5.5 1.0 1.0 7.0 0.0 2.0 0.0 3001.0 1.0
u125 0.0 31.25 3.75 2.0 13.0 8.0 0.625 1.0 1.0 9.0 1.0 2.0 181.0 1.0 1.0
u126 1.0 22.0 0.79 2.0 9.0 4.0 0.29 0.0 1.0 1.0 0.0 2.0 420.0 284.0 0.0
u127 0.0 58.33 10.0 2.0 11.0 4.0 4.0 1.0 1.0 14.0 0.0 2.0 0.0 1603.0 1.0
u128 1.0 28.92 0.375 2.0 8.0 4.0 0.29 0.0 0.0 0.0 0.0 2.0 220.0 141.0 0.0
u129 0.0 46.0 4.0 2.0 5.0 3.0 0.0 1.0 0.0 0.0 0.0 2.0 100.0 961.0 1.0
u130 1.0 21.0 3.0 1.0 2.0 4.0 1.085 1.0 1.0 8.0 1.0 2.0 160.0 2.0 1.0
u131 0.0 24.75 12.5 2.0 6.0 4.0 1.5 1.0 1.0 12.0 1.0 2.0 120.0 568.0 1.0
u132 0.0 20.83 0.5 1.0 10.0 2.0 1.0 0.0 0.0 0.0 0.0 2.0 260.0 1.0 0.0
u133 1.0 24.58 13.5 1.0 1.0 1.0 0.0 0.0 0.0 0.0 0.0 2.0 184.0 1.0 0.0
u134 0.0 26.5 2.71 1.0 8.0 4.0 0.085 0.0 0.0 0.0 0.0 1.0 80.0 1.0 0.0
u135 1.0 40.92 0.835 2.0 1.0 1.0 0.0 1.0 0.0 0.0 0.0 2.0 130.0 2.0 0.0
u136 0.0 38.33 4.415 2.0 8.0 4.0 0.125 0.0 0.0 0.0 0.0 2.0 160.0 1.0 0.0
u137 1.0 19.58 0.585 2.0 1.0 1.0 0.0 0.0 1.0 3.0 0.0 2.0 350.0 770.0 0.0
u138 1.0 39.25 9.5 2.0 7.0 4.0 6.5 1.0 1.0 14.0 0.0 2.0 240.0 4608.0 1.0
u139 1.0 25.75 0.5 2.0 8.0 4.0 1.46 1.0 1.0 5.0 1.0 2.0 312.0 1.0 1.0
u140 0.0 46.08 3.0 2.0 8.0 4.0 2.375 1.0 1.0 8.0 1.0 2.0 396.0 4160.0 1.0
u141 1.0 19.67 10.0 1.0 4.0 8.0 0.835 1.0 0.0 0.0 1.0 2.0 140.0 1.0 0.0
u142 0.0 22.25 1.25 1.0 1.0 1.0 3.25 0.0 0.0 0.0 0.0 2.0 280.0 1.0 0.0
u143 1.0 18.83 3.54 1.0 1.0 1.0 0.0 0.0 0.0 0.0 1.0 2.0 180.0 2.0 0.0
u144 1.0 64.08 20.0 2.0 14.0 8.0 17.5 1.0 1.0 9.0 1.0 2.0 0.0 1001.0 1.0
u145 0.0 16.5 1.25 2.0 11.0 4.0 0.25 0.0 1.0 1.0 0.0 2.0 108.0 99.0 0.0
u146 0.0 68.67 15.0 2.0 10.0 9.0 0.0 1.0 1.0 14.0 0.0 2.0 0.0 3377.0 1.0
u147 1.0 76.75 22.29 2.0 10.0 9.0 12.75 1.0 1.0 1.0 1.0 2.0 0.0 110.0 1.0
u148 0.0 15.92 2.875 2.0 11.0 4.0 0.085 0.0 0.0 0.0 0.0 2.0 120.0 1.0 0.0
u149 1.0 34.83 4.0 2.0 2.0 5.0 12.5 1.0 0.0 0.0 1.0 2.0 184.0 1.0 0.0
u150 0.0 47.42 8.0 2.0 10.0 5.0 6.5 1.0 1.0 6.0 0.0 2.0 375.0 51101.0 1.0
u151 1.0 23.17 0.0 2.0 8.0 4.0 0.0 0.0 0.0 0.0 0.0 3.0 184.0 1.0 1.0
u152 1.0 45.17 1.5 2.0 8.0 4.0 2.5 1.0 0.0 0.0 1.0 2.0 140.0 1.0 0.0
u153 1.0 15.17 7.0 2.0 10.0 4.0 1.0 0.0 0.0 0.0 0.0 2.0 600.0 1.0 0.0
u154 1.0 18.83 0.415 1.0 8.0 4.0 0.165 0.0 1.0 1.0 0.0 2.0 200.0 2.0 0.0
u155 1.0 52.5 6.5 2.0 4.0 4.0 6.29 1.0 1.0 15.0 0.0 2.0 0.0 11203.0 1.0
u156 1.0 19.17 0.0 1.0 7.0 5.0 0.0 0.0 0.0 0.0 1.0 1.0 500.0 2.0 1.0
u157 1.0 18.0 0.165 2.0 11.0 7.0 0.21 0.0 0.0 0.0 0.0 2.0 200.0 41.0 1.0
u158 1.0 37.5 0.835 2.0 10.0 4.0 0.04 0.0 0.0 0.0 0.0 2.0 120.0 6.0 0.0
u159 1.0 22.67 1.585 1.0 9.0 4.0 3.085 1.0 1.0 6.0 0.0 2.0 80.0 1.0 1.0
u160 1.0 47.83 4.165 2.0 14.0 5.0 0.085 0.0 0.0 0.0 1.0 2.0 520.0 1.0 0.0
u161 1.0 34.08 2.5 2.0 8.0 4.0 1.0 0.0 0.0 0.0 0.0 2.0 460.0 17.0 0.0
u162 0.0 33.08 1.625 2.0 2.0 4.0 0.54 0.0 0.0 0.0 1.0 2.0 0.0 1.0 0.0
u163 1.0 43.08 0.375 1.0 8.0 4.0 0.375 1.0 1.0 8.0 1.0 2.0 300.0 163.0 1.0
u164 1.0 34.5 4.04 1.0 3.0 5.0 8.5 1.0 1.0 7.0 1.0 2.0 195.0 1.0 1.0
u165 1.0 42.75 3.0 2.0 3.0 5.0 1.0 1.0 0.0 0.0 0.0 2.0 0.0 201.0 0.0
u166 1.0 18.25 0.165 2.0 2.0 4.0 0.25 0.0 0.0 0.0 1.0 1.0 280.0 1.0 0.0
u167 1.0 23.08 2.5 2.0 1.0 1.0 0.085 0.0 0.0 0.0 1.0 2.0 100.0 4209.0 0.0
u168 0.0 22.5 8.46 1.0 14.0 4.0 2.46 0.0 0.0 0.0 0.0 2.0 164.0 1.0 1.0
u169 1.0 17.92 0.205 2.0 6.0 4.0 0.04 0.0 0.0 0.0 0.0 2.0 280.0 751.0 0.0
u170 1.0 18.42 10.415 1.0 6.0 4.0 0.125 1.0 0.0 0.0 0.0 2.0 120.0 376.0 0.0
u171 0.0 27.67 1.5 2.0 7.0 4.0 2.0 1.0 0.0 0.0 0.0 1.0 368.0 1.0 0.0
u172 0.0 18.92 9.25 1.0 8.0 4.0 1.0 1.0 1.0 4.0 1.0 2.0 80.0 501.0 1.0
u173 1.0 22.67 0.75 2.0 3.0 4.0 1.585 0.0 1.0 1.0 1.0 2.0 400.0 10.0 0.0
u174 1.0 62.5 12.75 1.0 8.0 8.0 5.0 1.0 0.0 0.0 0.0 2.0 112.0 1.0 0.0
u175 0.0 23.5 9.0 2.0 11.0 4.0 8.5 1.0 1.0 5.0 1.0 2.0 120.0 1.0 1.0
u176 1.0 35.25 3.165 2.0 14.0 8.0 3.75 1.0 0.0 0.0 1.0 2.0 680.0 1.0 0.0
u177 0.0 56.83 4.25 1.0 1.0 1.0 5.0 0.0 0.0 0.0 1.0 2.0 0.0 5.0 0.0
u178 0.0 53.33 0.165 2.0 1.0 1.0 0.0 0.0 0.0 0.0 1.0 1.0 62.0 28.0 0.0
u179 1.0 41.17 4.04 2.0 13.0 8.0 7.0 1.0 1.0 8.0 0.0 2.0 320.0 1.0 1.0
u180 1.0 42.17 5.04 2.0 11.0 8.0 12.75 1.0 0.0 0.0 1.0 2.0 92.0 1.0 1.0
u181 1.0 41.17 1.25 1.0 9.0 4.0 0.25 0.0 0.0 0.0 0.0 2.0 0.0 196.0 0.0
u182 0.0 33.75 0.75 2.0 4.0 5.0 1.0 1.0 1.0 3.0 1.0 2.0 212.0 1.0 0.0
u183 1.0 25.67 12.5 2.0 13.0 4.0 1.21 1.0 1.0 67.0 1.0 2.0 140.0 259.0 1.0
u184 1.0 24.33 6.625 1.0 2.0 4.0 5.5 1.0 0.0 0.0 1.0 1.0 100.0 1.0 1.0
u185 1.0 23.33 11.625 1.0 9.0 4.0 0.835 1.0 0.0 0.0 1.0 2.0 160.0 301.0 1.0
u186 1.0 30.67 2.5 2.0 13.0 8.0 2.25 0.0 0.0 0.0 1.0 1.0 340.0 1.0 0.0
u187 1.0 37.17 4.0 2.0 8.0 5.0 5.0 1.0 0.0 0.0 1.0 1.0 280.0 1.0 0.0
u188 1.0 26.25 1.54 2.0 9.0 4.0 0.125 0.0 0.0 0.0 0.0 2.0 100.0 1.0 0.0
u189 0.0 29.75 0.665 2.0 9.0 4.0 0.25 0.0 0.0 0.0 1.0 2.0 300.0 1.0 0.0
u190 0.0 23.0 1.835 2.0 5.0 3.0 0.0 0.0 1.0 1.0 0.0 2.0 200.0 54.0 0.0
u191 1.0 17.25 3.0 2.0 4.0 4.0 0.04 0.0 0.0 0.0 1.0 2.0 160.0 41.0 0.0
u192 1.0 29.25 14.79 2.0 6.0 4.0 5.04 1.0 1.0 5.0 1.0 2.0 168.0 1.0 1.0
u193 0.0 28.58 3.54 2.0 3.0 5.0 0.5 1.0 0.0 0.0 1.0 2.0 171.0 1.0 0.0
u194 1.0 34.58 0.0 2.0 8.0 4.0 0.0 0.0 0.0 0.0 0.0 3.0 184.0 1.0 0.0
u195 1.0 23.42 0.585 2.0 8.0 8.0 0.085 1.0 0.0 0.0 0.0 2.0 180.0 1.0 0.0
u196 1.0 25.0 11.25 2.0 8.0 4.0 2.5 1.0 1.0 17.0 0.0 2.0 200.0 1209.0 1.0
u197 0.0 18.75 7.5 2.0 11.0 4.0 2.71 1.0 1.0 5.0 0.0 2.0 184.0 26727.0 1.0
u198 1.0 17.08 0.25 2.0 11.0 4.0 0.335 0.0 1.0 4.0 0.0 2.0 160.0 9.0 0.0
u199 0.0 16.08 0.335 2.0 1.0 1.0 0.0 0.0 1.0 1.0 0.0 2.0 160.0 127.0 0.0
u200 1.0 32.92 2.5 2.0 6.0 4.0 1.75 0.0 1.0 2.0 1.0 2.0 720.0 1.0 0.0
u201 0.0 20.33 10.0 2.0 8.0 8.0 1.0 1.0 1.0 4.0 0.0 2.0 50.0 1466.0 1.0
u202 0.0 21.75 1.75 1.0 5.0 3.0 0.0 0.0 0.0 0.0 0.0 2.0 160.0 1.0 0.0
u203 1.0 33.17 1.04 2.0 12.0 8.0 6.5 1.0 0.0 0.0 1.0 2.0 164.0 31286.0 1.0
u204 0.0 25.33 2.085 2.0 8.0 8.0 2.75 1.0 0.0 0.0 1.0 2.0 360.0 2.0 0.0
u205 0.0 24.75 3.0 2.0 11.0 8.0 1.835 1.0 1.0 19.0 0.0 2.0 0.0 501.0 1.0
u206 1.0 30.83 0.0 2.0 9.0 4.0 1.25 1.0 1.0 1.0 0.0 2.0 202.0 1.0 1.0
u207 1.0 20.75 5.085 1.0 5.0 4.0 0.29 0.0 0.0 0.0 0.0 2.0 140.0 185.0 0.0
u208 0.0 40.33 8.125 1.0 4.0 4.0 0.165 0.0 1.0 2.0 0.0 2.0 184.0 19.0 0.0
u209 1.0 29.42 1.25 2.0 8.0 8.0 0.25 0.0 1.0 2.0 1.0 2.0 400.0 109.0 0.0
u210 1.0 40.92 0.5 1.0 7.0 4.0 0.5 0.0 0.0 0.0 1.0 2.0 130.0 1.0 0.0
u211 0.0 29.5 0.46 2.0 4.0 4.0 0.54 1.0 1.0 4.0 0.0 2.0 380.0 501.0 1.0
u212 1.0 54.42 0.5 1.0 4.0 8.0 3.96 1.0 0.0 0.0 0.0 2.0 180.0 315.0 1.0
u213 1.0 34.0 5.5 1.0 8.0 4.0 1.5 0.0 0.0 0.0 1.0 2.0 60.0 1.0 0.0
u214 1.0 25.0 12.0 2.0 4.0 4.0 2.25 1.0 1.0 2.0 1.0 2.0 120.0 6.0 0.0
u215 0.0 26.58 2.54 1.0 1.0 1.0 0.0 0.0 0.0 0.0 1.0 2.0 180.0 61.0 0.0
u216 0.0 33.08 4.625 2.0 11.0 8.0 1.625 1.0 1.0 2.0 0.0 2.0 0.0 1.0 1.0
u217 1.0 33.67 2.165 2.0 8.0 4.0 1.5 0.0 0.0 0.0 0.0 3.0 120.0 1.0 0.0
u218 1.0 36.17 5.5 2.0 3.0 5.0 5.0 0.0 0.0 0.0 0.0 2.0 210.0 688.0 0.0
u219 1.0 19.5 0.29 2.0 4.0 4.0 0.29 0.0 0.0 0.0 0.0 2.0 280.0 365.0 0.0
u220 1.0 24.17 0.875 2.0 11.0 4.0 4.625 1.0 1.0 2.0 1.0 2.0 520.0 2001.0 1.0
u221 0.0 30.5 6.5 2.0 8.0 5.0 4.0 1.0 1.0 7.0 1.0 2.0 0.0 3066.0 1.0
u222 1.0 20.0 7.0 2.0 8.0 4.0 0.5 0.0 0.0 0.0 0.0 2.0 0.0 1.0 0.0
u223 1.0 25.33 0.58 2.0 8.0 4.0 0.29 1.0 1.0 7.0 1.0 2.0 96.0 5125.0 1.0
u224 1.0 29.58 4.75 2.0 7.0 4.0 2.0 0.0 1.0 1.0 1.0 2.0 460.0 69.0 0.0
u225 1.0 43.17 2.25 2.0 3.0 5.0 0.75 1.0 0.0 0.0 0.0 2.0 560.0 1.0 0.0
u226 1.0 28.75 1.165 2.0 4.0 4.0 0.5 1.0 0.0 0.0 0.0 1.0 280.0 1.0 0.0
u227 1.0 31.57 3.0 1.0 3.0 5.0 7.0 0.0 0.0 0.0 0.0 2.0 0.0 2.0 0.0
u228 1.0 20.25 9.96 2.0 10.0 2.0 0.0 1.0 0.0 0.0 0.0 2.0 0.0 1.0 1.0
u229 1.0 45.0 8.5 2.0 13.0 8.0 14.0 1.0 1.0 1.0 1.0 2.0 88.0 2001.0 1.0
u230 0.0 22.83 2.29 2.0 11.0 8.0 2.29 1.0 1.0 7.0 1.0 2.0 140.0 2385.0 1.0
u231 0.0 20.67 3.0 2.0 11.0 4.0 0.165 1.0 1.0 3.0 0.0 2.0 100.0 7.0 1.0
u232 1.0 27.83 1.5 2.0 9.0 4.0 2.25 0.0 1.0 1.0 1.0 2.0 100.0 4.0 0.0
u233 1.0 40.92 2.25 1.0 14.0 8.0 10.0 1.0 0.0 0.0 1.0 2.0 176.0 1.0 0.0
u234 1.0 56.42 28.0 1.0 8.0 4.0 28.5 1.0 1.0 40.0 0.0 2.0 0.0 16.0 1.0
u235 0.0 64.08 0.165 2.0 1.0 1.0 0.0 1.0 1.0 1.0 0.0 2.0 232.0 101.0 1.0
u236 0.0 22.42 11.25 1.0 14.0 8.0 0.75 1.0 1.0 4.0 0.0 2.0 0.0 322.0 1.0
u237 0.0 24.33 2.5 1.0 3.0 5.0 4.5 0.0 0.0 0.0 0.0 2.0 200.0 457.0 0.0
u238 0.0 69.5 6.0 2.0 1.0 1.0 0.0 0.0 0.0 0.0 0.0 1.0 0.0 1.0 0.0
u239 1.0 35.58 0.75 2.0 4.0 4.0 1.5 0.0 0.0 0.0 1.0 2.0 231.0 1.0 0.0
u240 1.0 48.33 12.0 2.0 7.0 4.0 16.0 1.0 0.0 0.0 0.0 1.0 110.0 1.0 1.0
u241 0.0 28.08 15.0 1.0 10.0 9.0 0.0 1.0 0.0 0.0 0.0 2.0 0.0 13213.0 1.0
u242 1.0 35.17 2.5 2.0 4.0 4.0 4.5 1.0 1.0 7.0 0.0 2.0 150.0 1271.0 1.0
u243 1.0 49.5 7.585 2.0 3.0 5.0 7.585 1.0 1.0 15.0 1.0 2.0 0.0 5001.0 1.0
u244 1.0 80.25 5.5 2.0 8.0 4.0 0.54 1.0 0.0 0.0 0.0 2.0 0.0 341.0 0.0
u245 1.0 29.25 13.0 2.0 2.0 8.0 0.5 0.0 0.0 0.0 0.0 2.0 228.0 1.0 0.0
u246 0.0 16.92 0.5 2.0 3.0 4.0 0.165 0.0 1.0 6.0 1.0 2.0 240.0 36.0 0.0
u247 0.0 16.0 0.165 2.0 6.0 4.0 1.0 0.0 1.0 2.0 1.0 2.0 320.0 2.0 0.0
u248 1.0 60.08 14.5 2.0 1.0 1.0 18.0 1.0 1.0 15.0 1.0 2.0 0.0 1001.0 1.0
u249 1.0 28.0 2.0 2.0 4.0 8.0 4.165 1.0 1.0 2.0 1.0 2.0 181.0 1.0 1.0
u250 1.0 41.5 1.54 2.0 3.0 5.0 3.5 0.0 0.0 0.0 0.0 2.0 216.0 1.0 1.0
u251 1.0 24.08 9.0 2.0 6.0 4.0 0.25 0.0 0.0 0.0 1.0 2.0 0.0 1.0 0.0
u252 1.0 24.5 13.335 1.0 6.0 4.0 0.04 0.0 0.0 0.0 1.0 2.0 120.0 476.0 0.0
u253 1.0 34.75 15.0 2.0 12.0 7.0 5.375 1.0 1.0 9.0 1.0 2.0 0.0 135.0 1.0
u254 1.0 33.67 1.25 2.0 9.0 4.0 1.165 0.0 0.0 0.0 0.0 2.0 120.0 1.0 0.0
u255 0.0 40.83 10.0 2.0 11.0 8.0 1.75 1.0 0.0 0.0 0.0 2.0 29.0 838.0 1.0
u256 1.0 20.42 1.835 2.0 8.0 4.0 2.25 1.0 1.0 1.0 0.0 2.0 100.0 151.0 1.0
u257 1.0 37.5 1.125 1.0 2.0 4.0 1.5 0.0 0.0 0.0 1.0 2.0 431.0 1.0 1.0
u258 1.0 48.5 4.25 2.0 7.0 4.0 0.125 1.0 0.0 0.0 1.0 2.0 225.0 1.0 1.0
u259 1.0 23.0 0.75 2.0 7.0 4.0 0.5 0.0 0.0 0.0 1.0 1.0 320.0 1.0 0.0
u260 1.0 35.0 3.375 2.0 8.0 8.0 8.29 0.0 0.0 0.0 1.0 2.0 0.0 1.0 0.0
u261 1.0 16.33 2.75 2.0 6.0 4.0 0.665 0.0 1.0 1.0 0.0 2.0 80.0 22.0 0.0
u262 1.0 22.67 10.5 2.0 11.0 8.0 1.335 1.0 0.0 0.0 0.0 2.0 100.0 1.0 1.0
u263 0.0 21.75 11.75 2.0 8.0 4.0 0.25 0.0 0.0 0.0 1.0 2.0 180.0 1.0 0.0
u264 0.0 25.08 2.54 1.0 6.0 4.0 0.25 1.0 0.0 0.0 1.0 2.0 370.0 1.0 1.0
u265 1.0 36.33 2.125 1.0 9.0 4.0 0.085 1.0 1.0 1.0 0.0 2.0 50.0 1188.0 1.0
u266 0.0 28.58 3.75 2.0 8.0 4.0 0.25 0.0 1.0 1.0 1.0 2.0 40.0 155.0 0.0
u267 1.0 22.17 12.125 2.0 8.0 4.0 3.335 0.0 1.0 2.0 1.0 2.0 180.0 174.0 0.0
u268 1.0 34.17 1.54 2.0 13.0 4.0 1.54 1.0 1.0 1.0 1.0 2.0 520.0 50001.0 1.0
u269 1.0 35.0 2.5 2.0 3.0 4.0 1.0 0.0 0.0 0.0 1.0 2.0 210.0 1.0 0.0
u270 1.0 28.58 3.625 2.0 6.0 4.0 0.25 0.0 0.0 0.0 1.0 2.0 100.0 1.0 0.0
u271 0.0 19.17 5.415 2.0 3.0 8.0 0.29 0.0 0.0 0.0 0.0 2.0 80.0 485.0 0.0
u272 1.0 23.25 1.0 2.0 8.0 4.0 0.835 1.0 0.0 0.0 0.0 1.0 300.0 1.0 1.0
u273 1.0 16.5 0.125 2.0 8.0 4.0 0.165 0.0 0.0 0.0 0.0 2.0 132.0 1.0 0.0
u274 0.0 20.08 0.125 2.0 11.0 4.0 1.0 0.0 1.0 1.0 0.0 2.0 240.0 769.0 1.0
u275 1.0 22.33 11.0 2.0 9.0 4.0 2.0 1.0 1.0 1.0 0.0 2.0 80.0 279.0 1.0
u276 1.0 34.0 5.085 1.0 3.0 5.0 1.085 0.0 0.0 0.0 1.0 2.0 480.0 1.0 0.0
u277 0.0 57.08 0.335 2.0 3.0 5.0 1.0 1.0 0.0 0.0 1.0 2.0 252.0 2198.0 0.0
u278 1.0 16.25 0.835 2.0 7.0 4.0 0.085 1.0 0.0 0.0 0.0 1.0 200.0 1.0 0.0
u279 1.0 32.83 2.5 2.0 13.0 8.0 2.75 1.0 1.0 6.0 0.0 2.0 160.0 2073.0 1.0
u280 1.0 48.25 25.085 2.0 9.0 4.0 1.75 1.0 1.0 3.0 0.0 2.0 120.0 15.0 1.0
u281 1.0 34.17 2.75 2.0 3.0 5.0 2.5 0.0 0.0 0.0 1.0 2.0 232.0 201.0 0.0
u282 1.0 18.33 1.21 1.0 10.0 2.0 0.0 0.0 0.0 0.0 0.0 2.0 100.0 1.0 0.0
u283 1.0 44.25 0.5 2.0 7.0 4.0 10.75 1.0 0.0 0.0 0.0 1.0 400.0 1.0 0.0
u284 1.0 38.92 1.75 2.0 4.0 4.0 0.5 0.0 0.0 0.0 1.0 2.0 300.0 3.0 0.0
u285 1.0 31.58 0.75 1.0 6.0 4.0 3.5 0.0 0.0 0.0 1.0 2.0 320.0 1.0 0.0
u286 1.0 25.08 1.71 2.0 14.0 4.0 1.665 1.0 1.0 1.0 1.0 2.0 395.0 21.0 1.0
u287 1.0 65.42 11.0 2.0 10.0 9.0 20.0 1.0 1.0 7.0 1.0 2.0 22.0 1.0 1.0
u288 1.0 41.33 0.0 2.0 8.0 5.0 15.0 1.0 0.0 0.0 0.0 2.0 0.0 1.0 1.0
u289 1.0 31.25 1.125 2.0 1.0 1.0 0.0 0.0 1.0 1.0 0.0 2.0 96.0 20.0 0.0
u290 0.0 36.75 4.71 2.0 1.0 1.0 0.0 0.0 0.0 0.0 0.0 2.0 160.0 1.0 0.0
u291 1.0 32.33 7.5 2.0 10.0 5.0 1.585 1.0 0.0 0.0 1.0 1.0 420.0 1.0 0.0
u292 0.0 31.92 3.125 2.0 1.0 1.0 3.04 0.0 1.0 2.0 1.0 2.0 200.0 5.0 0.0
u293 1.0 24.83 2.75 2.0 8.0 4.0 2.25 1.0 1.0 6.0 0.0 2.0 184.0 601.0 1.0
u294 1.0 21.92 0.54 1.0 14.0 4.0 0.04 1.0 1.0 1.0 1.0 2.0 840.0 60.0 1.0
u295 1.0 34.25 3.0 2.0 13.0 8.0 7.415 1.0 0.0 0.0 1.0 2.0 0.0 1.0 1.0
u296 1.0 51.83 3.0 1.0 1.0 1.0 1.5 0.0 0.0 0.0 0.0 2.0 180.0 5.0 0.0
u297 0.0 31.57 1.5 2.0 1.0 1.0 0.0 0.0 1.0 2.0 1.0 2.0 200.0 106.0 0.0
u298 1.0 38.42 0.705 2.0 8.0 4.0 0.375 0.0 1.0 2.0 0.0 2.0 225.0 501.0 0.0
u299 1.0 39.17 1.71 2.0 14.0 4.0 0.125 1.0 1.0 5.0 1.0 2.0 480.0 1.0 1.0
u300 1.0 18.17 2.46 2.0 8.0 7.0 0.96 0.0 1.0 2.0 1.0 2.0 160.0 588.0 0.0
u301 1.0 39.0 5.0 2.0 13.0 4.0 3.5 1.0 1.0 10.0 1.0 2.0 0.0 1.0 1.0
u302 1.0 20.0 11.045 2.0 8.0 4.0 2.0 0.0 0.0 0.0 1.0 2.0 136.0 1.0 0.0
u303 1.0 32.75 2.335 2.0 2.0 8.0 5.75 0.0 0.0 0.0 1.0 2.0 292.0 1.0 0.0
u304 1.0 18.58 5.71 2.0 2.0 4.0 0.54 0.0 0.0 0.0 0.0 2.0 120.0 1.0 0.0
u305 0.0 15.83 7.625 2.0 11.0 4.0 0.125 0.0 1.0 1.0 1.0 2.0 0.0 161.0 0.0
u306 1.0 39.33 5.875 2.0 13.0 8.0 10.0 1.0 1.0 14.0 1.0 2.0 399.0 1.0 1.0
u307 0.0 19.58 0.665 2.0 9.0 4.0 1.665 0.0 0.0 0.0 0.0 2.0 220.0 6.0 0.0
u308 1.0 21.33 10.5 2.0 8.0 4.0 3.0 1.0 0.0 0.0 1.0 2.0 0.0 1.0 1.0
u309 0.0 22.67 0.75 2.0 8.0 4.0 2.0 0.0 1.0 2.0 1.0 2.0 200.0 395.0 0.0
u310 1.0 25.67 3.25 2.0 8.0 8.0 2.29 0.0 1.0 1.0 1.0 2.0 416.0 22.0 0.0
u311 1.0 21.08 10.085 1.0 10.0 8.0 1.25 0.0 0.0 0.0 0.0 2.0 260.0 1.0 0.0
u312 0.0 49.0 1.5 2.0 5.0 3.0 0.0 1.0 0.0 0.0 1.0 2.0 100.0 28.0 0.0
u313 1.0 20.67 5.29 2.0 11.0 4.0 0.375 1.0 1.0 1.0 0.0 2.0 160.0 1.0 0.0
u314 0.0 19.67 0.21 2.0 11.0 8.0 0.29 1.0 1.0 11.0 0.0 2.0 80.0 100.0 1.0
u315 1.0 21.83 0.25 2.0 2.0 8.0 0.665 1.0 0.0 0.0 1.0 2.0 0.0 1.0 1.0
u316 1.0 26.83 0.54 2.0 4.0 1.0 0.0 0.0 0.0 0.0 0.0 2.0 100.0 1.0 0.0
u317 0.0 38.58 5.0 2.0 13.0 4.0 13.5 1.0 0.0 0.0 1.0 2.0 980.0 1.0 0.0
u318 0.0 50.08 12.54 2.0 6.0 4.0 2.29 1.0 1.0 3.0 1.0 2.0 156.0 1.0 1.0
u319 0.0 15.75 0.375 2.0 8.0 4.0 1.0 0.0 0.0 0.0 0.0 2.0 120.0 19.0 0.0
u320 0.0 24.5 12.75 2.0 8.0 5.0 4.75 1.0 1.0 2.0 0.0 2.0 73.0 445.0 1.0
u321 1.0 21.0 4.79 1.0 9.0 4.0 2.25 1.0 1.0 1.0 1.0 2.0 80.0 301.0 1.0
u322 1.0 22.08 11.0 2.0 13.0 4.0 0.665 1.0 0.0 0.0 0.0 2.0 100.0 1.0 1.0
u323 1.0 54.58 9.415 2.0 1.0 1.0 14.415 1.0 1.0 11.0 1.0 2.0 30.0 301.0 1.0
u324 1.0 18.08 5.5 2.0 4.0 4.0 0.5 1.0 0.0 0.0 0.0 2.0 80.0 1.0 1.0
u325 1.0 36.67 4.415 1.0 4.0 4.0 0.25 1.0 1.0 10.0 1.0 2.0 320.0 1.0 1.0
u326 1.0 38.17 10.125 2.0 14.0 4.0 2.5 1.0 1.0 6.0 0.0 2.0 520.0 197.0 1.0
u327 1.0 21.83 1.54 2.0 4.0 4.0 0.085 0.0 0.0 0.0 1.0 2.0 356.0 1.0 0.0
u328 0.0 51.92 6.5 2.0 3.0 5.0 3.085 0.0 0.0 0.0 1.0 2.0 73.0 1.0 0.0
u329 1.0 22.17 2.25 2.0 3.0 4.0 0.125 0.0 0.0 0.0 0.0 2.0 160.0 11.0 0.0
u330 1.0 52.42 1.5 2.0 2.0 4.0 3.75 0.0 0.0 0.0 1.0 2.0 0.0 351.0 0.0
u331 0.0 60.92 5.0 2.0 6.0 4.0 4.0 1.0 1.0 4.0 0.0 2.0 0.0 100.0 1.0
u332 1.0 20.17 5.625 2.0 9.0 4.0 1.71 1.0 0.0 0.0 0.0 1.0 120.0 1.0 1.0
u333 1.0 23.25 4.0 2.0 8.0 5.0 0.25 1.0 0.0 0.0 1.0 2.0 160.0 1.0 1.0
u334 1.0 36.17 0.42 1.0 9.0 4.0 0.29 0.0 0.0 0.0 1.0 2.0 309.0 3.0 0.0
u335 0.0 42.25 1.75 1.0 8.0 4.0 0.0 0.0 0.0 0.0 1.0 2.0 150.0 2.0 0.0
u336 1.0 23.58 0.835 2.0 3.0 8.0 0.085 0.0 0.0 0.0 1.0 2.0 220.0 6.0 0.0
u337 0.0 36.0 1.0 2.0 8.0 4.0 2.0 1.0 1.0 11.0 0.0 2.0 0.0 457.0 1.0
u338 1.0 39.58 5.0 2.0 1.0 1.0 0.0 0.0 1.0 2.0 0.0 2.0 17.0 2.0 0.0
u339 0.0 18.83 4.415 1.0 8.0 8.0 3.0 1.0 0.0 0.0 0.0 2.0 240.0 1.0 1.0
u340 1.0 27.25 0.625 2.0 6.0 4.0 0.455 1.0 0.0 0.0 1.0 2.0 200.0 1.0 0.0
u341 1.0 32.42 3.0 2.0 2.0 4.0 0.165 0.0 0.0 0.0 1.0 2.0 120.0 1.0 0.0
u342 1.0 19.42 1.5 1.0 13.0 4.0 2.0 1.0 0.0 0.0 1.0 2.0 100.0 21.0 0.0
u343 0.0 22.58 10.75 2.0 11.0 4.0 0.415 1.0 1.0 5.0 1.0 2.0 0.0 561.0 1.0
u344 1.0 39.92 6.21 2.0 11.0 4.0 0.04 1.0 1.0 1.0 0.0 2.0 200.0 301.0 1.0
u345 1.0 22.67 0.165 2.0 8.0 3.0 2.25 0.0 0.0 0.0 1.0 1.0 0.0 1.0 1.0
u346 0.0 23.42 0.79 1.0 11.0 4.0 1.5 1.0 1.0 2.0 1.0 2.0 80.0 401.0 1.0
u347 0.0 30.0 5.29 2.0 10.0 2.0 2.25 1.0 1.0 5.0 1.0 2.0 99.0 501.0 1.0
u348 0.0 40.33 7.54 1.0 11.0 8.0 8.0 1.0 1.0 14.0 0.0 2.0 0.0 2301.0 1.0
u349 0.0 36.75 5.125 2.0 10.0 4.0 5.0 1.0 0.0 0.0 1.0 2.0 0.0 4001.0 1.0
u350 1.0 31.0 2.085 2.0 8.0 4.0 0.085 0.0 0.0 0.0 0.0 2.0 300.0 1.0 0.0
u351 0.0 25.17 2.875 2.0 14.0 8.0 0.875 1.0 0.0 0.0 0.0 2.0 360.0 1.0 1.0
u352 1.0 27.42 12.5 2.0 6.0 5.0 0.25 0.0 0.0 0.0 1.0 2.0 720.0 1.0 0.0
u353 1.0 31.57 4.0 2.0 14.0 4.0 5.0 1.0 1.0 3.0 1.0 2.0 290.0 2280.0 1.0
u354 1.0 34.08 6.5 2.0 6.0 4.0 0.125 1.0 0.0 0.0 1.0 2.0 443.0 1.0 0.0
u355 1.0 22.08 2.335 2.0 4.0 4.0 0.75 0.0 0.0 0.0 0.0 2.0 180.0 1.0 0.0
u356 1.0 31.08 3.085 2.0 8.0 4.0 2.5 0.0 1.0 2.0 1.0 2.0 160.0 42.0 0.0
u357 1.0 31.57 0.5 2.0 8.0 5.0 0.835 1.0 0.0 0.0 1.0 1.0 320.0 1.0 0.0
u358 1.0 16.0 3.125 2.0 9.0 4.0 0.085 0.0 1.0 1.0 0.0 2.0 0.0 7.0 0.0
u359 1.0 27.25 1.665 2.0 13.0 8.0 5.085 1.0 1.0 9.0 0.0 2.0 399.0 828.0 1.0
u360 1.0 25.17 3.0 2.0 8.0 4.0 1.25 0.0 1.0 1.0 0.0 2.0 0.0 23.0 0.0
u361 1.0 67.75 5.5 2.0 10.0 9.0 13.0 1.0 1.0 1.0 1.0 2.0 0.0 1.0 1.0
u362 0.0 18.83 9.5 2.0 9.0 4.0 1.625 1.0 1.0 6.0 1.0 2.0 40.0 601.0 1.0
u363 0.0 27.25 0.29 2.0 7.0 8.0 0.125 0.0 1.0 1.0 1.0 2.0 272.0 109.0 0.0
u364 0.0 19.58 0.665 1.0 8.0 4.0 1.0 0.0 1.0 1.0 0.0 2.0 2000.0 3.0 0.0
u365 1.0 30.75 1.585 2.0 2.0 4.0 0.585 0.0 0.0 0.0 1.0 1.0 0.0 1.0 0.0
u366 0.0 50.25 0.835 2.0 6.0 4.0 0.5 0.0 0.0 0.0 1.0 2.0 240.0 118.0 0.0
u367 1.0 31.08 1.5 1.0 9.0 4.0 0.04 0.0 0.0 0.0 0.0 1.0 160.0 1.0 0.0
u368 1.0 51.58 15.0 2.0 8.0 4.0 8.5 1.0 1.0 9.0 0.0 2.0 0.0 1.0 1.0
u369 0.0 36.58 0.29 2.0 1.0 1.0 0.0 0.0 1.0 10.0 0.0 2.0 200.0 19.0 0.0
u370 1.0 33.58 2.75 2.0 7.0 4.0 4.25 1.0 1.0 6.0 0.0 2.0 204.0 1.0 1.0
u371 0.0 20.83 3.0 2.0 6.0 4.0 0.04 1.0 0.0 0.0 0.0 2.0 100.0 1.0 1.0
u372 1.0 36.17 18.125 2.0 9.0 4.0 0.085 0.0 0.0 0.0 0.0 2.0 320.0 3553.0 0.0
u373 1.0 50.75 0.585 2.0 1.0 1.0 0.0 0.0 0.0 0.0 0.0 2.0 145.0 1.0 0.0
u374 0.0 23.58 0.83 2.0 11.0 4.0 0.415 0.0 1.0 1.0 1.0 2.0 200.0 12.0 0.0
u375 1.0 35.17 4.5 2.0 14.0 8.0 5.75 0.0 0.0 0.0 1.0 1.0 711.0 1.0 1.0
u376 0.0 58.42 21.0 2.0 3.0 5.0 10.0 1.0 1.0 13.0 0.0 2.0 0.0 6701.0 1.0
u377 1.0 28.25 0.875 2.0 7.0 4.0 0.96 1.0 1.0 3.0 1.0 2.0 396.0 1.0 1.0
u378 1.0 31.57 0.625 2.0 4.0 4.0 0.25 0.0 0.0 0.0 0.0 2.0 380.0 2011.0 0.0
u379 0.0 31.75 3.0 1.0 5.0 3.0 0.0 0.0 0.0 0.0 0.0 2.0 160.0 21.0 0.0
u380 1.0 19.42 6.5 2.0 9.0 8.0 1.46 1.0 1.0 7.0 0.0 2.0 80.0 2955.0 1.0
u381 1.0 39.08 6.0 2.0 7.0 4.0 1.29 1.0 1.0 5.0 1.0 2.0 108.0 1098.0 1.0
u382 1.0 17.08 3.29 2.0 3.0 4.0 0.335 0.0 0.0 0.0 1.0 2.0 140.0 3.0 0.0
u383 1.0 44.83 7.0 1.0 8.0 4.0 1.625 0.0 0.0 0.0 0.0 2.0 160.0 3.0 0.0
u384 1.0 16.25 0.0 1.0 6.0 4.0 0.25 0.0 0.0 0.0 0.0 2.0 60.0 1.0 0.0
u385 0.0 41.17 6.5 2.0 11.0 4.0 0.5 1.0 1.0 3.0 1.0 2.0 145.0 1.0 1.0
u386 1.0 28.92 15.0 2.0 8.0 8.0 5.335 1.0 1.0 11.0 0.0 2.0 0.0 2284.0 1.0
u387 0.0 26.17 2.0 2.0 5.0 3.0 0.0 0.0 0.0 0.0 1.0 2.0 276.0 2.0 0.0
u388 1.0 38.58 3.335 2.0 9.0 4.0 4.0 1.0 1.0 14.0 0.0 2.0 383.0 1345.0 1.0
u389 1.0 25.17 6.0 2.0 8.0 4.0 1.0 1.0 1.0 3.0 0.0 2.0 0.0 1.0 1.0
u390 0.0 28.17 0.375 2.0 11.0 4.0 0.585 1.0 1.0 4.0 0.0 2.0 80.0 1.0 1.0
u391 1.0 73.42 17.75 2.0 1.0 1.0 0.0 1.0 0.0 0.0 1.0 2.0 0.0 1.0 1.0
u392 1.0 22.5 11.5 1.0 7.0 4.0 1.5 0.0 0.0 0.0 1.0 2.0 0.0 4001.0 0.0
u393 0.0 27.17 1.25 2.0 1.0 1.0 0.0 0.0 1.0 1.0 0.0 2.0 92.0 301.0 0.0
u394 0.0 19.17 8.585 2.0 13.0 8.0 0.75 1.0 1.0 7.0 0.0 2.0 96.0 1.0 1.0
u395 0.0 25.58 0.0 2.0 8.0 4.0 0.0 0.0 0.0 0.0 0.0 3.0 184.0 1.0 1.0
u396 1.0 31.57 0.04 1.0 2.0 4.0 4.25 0.0 0.0 0.0 1.0 2.0 460.0 1.0 0.0
u397 0.0 22.5 8.5 2.0 11.0 4.0 1.75 1.0 1.0 10.0 0.0 2.0 80.0 991.0 0.0
u398 0.0 22.92 1.25 2.0 11.0 4.0 0.25 0.0 0.0 0.0 1.0 2.0 120.0 810.0 0.0
u399 1.0 23.25 12.625 2.0 8.0 4.0 0.125 0.0 1.0 2.0 0.0 2.0 0.0 5553.0 0.0
u400 0.0 29.5 1.085 1.0 14.0 4.0 1.0 0.0 0.0 0.0 0.0 2.0 280.0 14.0 0.0
u401 0.0 32.0 6.0 2.0 2.0 4.0 1.25 0.0 0.0 0.0 0.0 2.0 272.0 1.0 0.0
u402 1.0 27.0 1.5 1.0 9.0 4.0 0.375 1.0 0.0 0.0 1.0 2.0 260.0 1066.0 1.0
u403 1.0 19.33 10.915 2.0 8.0 5.0 0.585 0.0 1.0 2.0 1.0 2.0 200.0 8.0 0.0
u404 1.0 35.75 2.415 2.0 9.0 4.0 0.125 0.0 1.0 2.0 0.0 2.0 220.0 2.0 0.0
u405 1.0 18.83 0.0 2.0 11.0 4.0 0.665 0.0 0.0 0.0 0.0 2.0 160.0 2.0 0.0
u406 0.0 28.75 3.75 2.0 8.0 4.0 1.085 1.0 1.0 1.0 1.0 2.0 371.0 1.0 1.0
u407 1.0 34.42 4.25 2.0 3.0 5.0 3.25 1.0 1.0 2.0 0.0 2.0 274.0 611.0 1.0
u408 0.0 33.25 3.0 1.0 6.0 4.0 2.0 0.0 0.0 0.0 0.0 2.0 180.0 1.0 0.0
u409 1.0 53.92 9.625 2.0 10.0 4.0 8.665 1.0 1.0 5.0 0.0 2.0 0.0 1.0 1.0
u410 1.0 25.25 1.0 2.0 6.0 4.0 0.5 0.0 0.0 0.0 0.0 2.0 200.0 1.0 0.0
u411 1.0 32.42 2.165 1.0 4.0 1.0 0.0 0.0 0.0 0.0 0.0 2.0 120.0 1.0 0.0
u412 0.0 21.08 5.0 1.0 1.0 1.0 0.0 0.0 0.0 0.0 0.0 2.0 0.0 1.0 0.0
u413 0.0 56.5 16.0 2.0 5.0 1.0 0.0 1.0 1.0 15.0 0.0 2.0 0.0 248.0 1.0
u414 1.0 32.25 0.165 1.0 8.0 8.0 3.25 1.0 1.0 1.0 1.0 2.0 432.0 8001.0 1.0
u415 0.0 20.5 11.835 2.0 8.0 8.0 6.0 1.0 0.0 0.0 0.0 2.0 340.0 1.0 1.0
u416 0.0 30.25 5.5 2.0 4.0 4.0 5.5 0.0 0.0 0.0 1.0 1.0 100.0 1.0 0.0
u417 0.0 24.58 0.67 2.0 6.0 8.0 1.75 1.0 0.0 0.0 0.0 2.0 400.0 1.0 0.0
u418 1.0 23.17 11.125 2.0 14.0 8.0 0.46 1.0 1.0 1.0 0.0 2.0 100.0 1.0 1.0
u419 0.0 31.57 11.25 2.0 1.0 1.0 0.0 0.0 0.0 0.0 0.0 2.0 184.0 5201.0 0.0
u420 0.0 32.33 0.54 2.0 13.0 4.0 0.04 1.0 0.0 0.0 0.0 2.0 440.0 11178.0 1.0
u421 1.0 23.92 1.5 2.0 2.0 8.0 1.875 1.0 1.0 6.0 0.0 2.0 200.0 328.0 1.0
u422 1.0 36.75 0.125 1.0 8.0 4.0 1.5 0.0 0.0 0.0 1.0 2.0 232.0 114.0 1.0
u423 1.0 29.83 1.25 1.0 4.0 4.0 0.25 0.0 0.0 0.0 0.0 2.0 224.0 1.0 0.0
u424 0.0 24.08 0.5 2.0 11.0 8.0 1.25 1.0 1.0 1.0 0.0 2.0 0.0 679.0 1.0
u425 1.0 21.17 0.25 1.0 8.0 8.0 0.25 0.0 0.0 0.0 0.0 2.0 280.0 205.0 0.0
u426 1.0 31.42 15.5 2.0 8.0 4.0 0.5 1.0 0.0 0.0 0.0 2.0 120.0 1.0 0.0
u427 1.0 22.83 3.0 2.0 7.0 4.0 1.29 1.0 1.0 1.0 0.0 2.0 260.0 801.0 1.0
u428 1.0 37.5 1.75 1.0 8.0 5.0 0.25 1.0 0.0 0.0 1.0 2.0 164.0 401.0 0.0
u429 0.0 24.83 4.5 2.0 9.0 4.0 1.0 0.0 0.0 0.0 1.0 2.0 360.0 7.0 0.0
u430 1.0 36.33 3.79 2.0 9.0 4.0 1.165 1.0 0.0 0.0 1.0 2.0 200.0 1.0 0.0
u431 0.0 47.25 0.75 2.0 11.0 8.0 2.75 1.0 1.0 1.0 0.0 2.0 333.0 893.0 1.0
u432 1.0 32.08 4.0 1.0 13.0 4.0 1.5 0.0 0.0 0.0 1.0 2.0 120.0 1.0 0.0
u433 0.0 30.58 10.665 2.0 11.0 8.0 0.085 0.0 1.0 12.0 1.0 2.0 129.0 4.0 0.0
u434 1.0 27.83 1.54 2.0 9.0 4.0 3.75 1.0 1.0 5.0 1.0 2.0 100.0 4.0 1.0
u435 1.0 54.83 15.5 2.0 10.0 9.0 0.0 1.0 1.0 20.0 0.0 2.0 152.0 131.0 0.0
u436 1.0 16.08 0.75 2.0 8.0 4.0 1.75 1.0 1.0 5.0 1.0 2.0 352.0 691.0 1.0
u437 1.0 24.58 12.5 2.0 9.0 4.0 0.875 1.0 0.0 0.0 1.0 2.0 260.0 1.0 0.0
u438 1.0 32.67 5.5 2.0 11.0 8.0 5.5 1.0 1.0 12.0 1.0 2.0 408.0 1001.0 1.0
u439 1.0 30.17 0.5 2.0 8.0 4.0 1.75 1.0 1.0 11.0 0.0 2.0 32.0 541.0 1.0
u440 1.0 22.25 0.46 2.0 4.0 4.0 0.125 0.0 0.0 0.0 1.0 2.0 280.0 56.0 0.0
u441 1.0 41.75 0.96 2.0 14.0 4.0 2.5 1.0 0.0 0.0 0.0 2.0 510.0 601.0 1.0
u442 1.0 36.67 2.0 2.0 3.0 4.0 0.25 0.0 0.0 0.0 1.0 2.0 221.0 1.0 0.0
u443 1.0 25.83 12.835 2.0 13.0 4.0 0.5 0.0 0.0 0.0 0.0 2.0 0.0 3.0 0.0
u444 1.0 29.92 1.835 2.0 8.0 8.0 4.335 1.0 0.0 0.0 0.0 2.0 260.0 201.0 1.0
u445 1.0 20.08 0.25 2.0 11.0 4.0 0.125 0.0 0.0 0.0 0.0 2.0 200.0 1.0 0.0
u446 1.0 19.67 0.375 2.0 11.0 4.0 2.0 1.0 1.0 2.0 1.0 2.0 80.0 1.0 1.0
u447 1.0 51.42 0.04 2.0 14.0 8.0 0.04 1.0 0.0 0.0 0.0 2.0 0.0 3001.0 1.0
u448 1.0 62.75 7.0 2.0 10.0 9.0 0.0 0.0 0.0 0.0 0.0 2.0 0.0 13.0 0.0
u449 1.0 40.58 3.29 2.0 7.0 4.0 3.5 0.0 0.0 0.0 1.0 1.0 400.0 1.0 0.0
u450 0.0 16.33 0.21 2.0 6.0 4.0 0.125 0.0 0.0 0.0 0.0 2.0 200.0 2.0 0.0
u451 1.0 29.5 0.58 2.0 9.0 4.0 0.29 0.0 1.0 1.0 0.0 2.0 340.0 2804.0 0.0
u452 1.0 34.0 4.5 2.0 6.0 4.0 1.0 1.0 0.0 0.0 1.0 2.0 240.0 1.0 0.0
u453 0.0 71.58 0.0 2.0 8.0 4.0 0.0 0.0 0.0 0.0 0.0 3.0 184.0 1.0 1.0
u454 1.0 42.0 0.205 2.0 3.0 8.0 5.125 1.0 0.0 0.0 0.0 2.0 400.0 1.0 1.0
u455 0.0 22.5 11.0 1.0 11.0 4.0 3.0 1.0 0.0 0.0 1.0 2.0 268.0 1.0 0.0
u456 1.0 24.42 2.0 2.0 10.0 2.0 0.165 0.0 1.0 2.0 0.0 2.0 320.0 1301.0 0.0
u457 1.0 44.33 0.5 2.0 3.0 8.0 5.0 1.0 0.0 0.0 1.0 2.0 320.0 1.0 1.0
u458 0.0 23.0 11.75 2.0 14.0 8.0 0.5 1.0 1.0 2.0 1.0 2.0 300.0 552.0 1.0
u459 1.0 34.42 1.335 2.0 3.0 5.0 0.125 0.0 0.0 0.0 1.0 2.0 440.0 4501.0 0.0
u460 1.0 23.08 11.5 2.0 3.0 4.0 3.5 1.0 1.0 9.0 0.0 2.0 56.0 743.0 1.0
u461 1.0 25.92 0.875 2.0 4.0 4.0 0.375 0.0 1.0 2.0 1.0 2.0 174.0 4.0 0.0
u462 0.0 17.58 9.0 2.0 6.0 4.0 1.375 1.0 0.0 0.0 1.0 2.0 0.0 1.0 1.0
u463 1.0 20.42 1.085 2.0 11.0 4.0 1.5 0.0 0.0 0.0 0.0 2.0 108.0 8.0 0.0
u464 1.0 31.67 16.165 2.0 2.0 4.0 3.0 1.0 1.0 9.0 0.0 2.0 250.0 731.0 1.0
u465 0.0 57.58 2.0 2.0 1.0 1.0 6.5 0.0 1.0 1.0 0.0 2.0 0.0 11.0 0.0
u466 1.0 59.67 1.54 2.0 11.0 4.0 0.125 1.0 0.0 0.0 1.0 2.0 260.0 1.0 1.0
u467 0.0 65.17 14.0 2.0 1.0 1.0 0.0 1.0 1.0 11.0 1.0 2.0 0.0 1401.0 1.0
u468 1.0 30.08 1.04 1.0 3.0 5.0 0.5 1.0 1.0 10.0 1.0 2.0 132.0 29.0 0.0
u469 1.0 48.58 6.5 2.0 11.0 8.0 6.0 1.0 0.0 0.0 1.0 2.0 350.0 1.0 1.0
u470 0.0 23.58 11.5 1.0 4.0 8.0 3.0 0.0 0.0 0.0 1.0 2.0 20.0 17.0 0.0
u471 1.0 20.17 9.25 2.0 8.0 4.0 1.665 1.0 1.0 3.0 1.0 2.0 40.0 29.0 1.0
u472 1.0 48.17 7.625 2.0 9.0 8.0 15.5 1.0 1.0 12.0 0.0 2.0 0.0 791.0 1.0
u473 1.0 23.25 1.5 2.0 11.0 4.0 2.375 1.0 1.0 3.0 1.0 2.0 0.0 583.0 1.0
u474 1.0 32.25 14.0 1.0 1.0 1.0 0.0 0.0 1.0 2.0 0.0 2.0 160.0 2.0 0.0
u475 1.0 33.58 0.335 1.0 13.0 4.0 0.085 0.0 0.0 0.0 0.0 2.0 180.0 1.0 0.0
u476 1.0 23.58 0.46 1.0 9.0 4.0 2.625 1.0 1.0 6.0 1.0 2.0 208.0 348.0 0.0
u477 1.0 16.92 0.335 1.0 4.0 4.0 0.29 0.0 0.0 0.0 0.0 1.0 200.0 1.0 0.0
u478 0.0 20.83 8.5 2.0 8.0 4.0 0.165 0.0 0.0 0.0 0.0 2.0 0.0 352.0 0.0
u479 0.0 60.58 16.5 2.0 11.0 4.0 11.0 1.0 0.0 0.0 1.0 2.0 21.0 10562.0 1.0
u480 1.0 31.57 5.0 1.0 6.0 4.0 8.5 1.0 0.0 0.0 0.0 2.0 0.0 1.0 0.0
u481 0.0 25.0 12.33 2.0 13.0 8.0 3.5 1.0 1.0 6.0 0.0 2.0 400.0 459.0 1.0
u482 1.0 21.5 9.75 2.0 8.0 4.0 0.25 1.0 0.0 0.0 0.0 2.0 140.0 1.0 0.0
u483 1.0 20.42 0.0 2.0 8.0 4.0 0.0 0.0 0.0 0.0 0.0 3.0 184.0 1.0 0.0
u484 0.0 25.25 13.5 1.0 1.0 1.0 2.0 0.0 1.0 1.0 1.0 2.0 200.0 2.0 0.0
u485 1.0 42.83 4.625 2.0 11.0 4.0 4.58 1.0 0.0 0.0 0.0 1.0 0.0 1.0 1.0
u486 1.0 26.67 1.75 1.0 8.0 4.0 1.0 1.0 1.0 5.0 1.0 2.0 160.0 5778.0 1.0
u487 1.0 57.83 7.04 2.0 7.0 4.0 14.0 1.0 1.0 6.0 1.0 2.0 360.0 1333.0 1.0
u488 1.0 55.92 11.5 2.0 1.0 1.0 5.0 1.0 1.0 5.0 0.0 2.0 0.0 8852.0 1.0
u489 1.0 51.33 10.0 2.0 3.0 5.0 0.0 1.0 1.0 11.0 0.0 2.0 0.0 1250.0 1.0
u490 1.0 39.83 0.5 2.0 7.0 4.0 0.25 1.0 0.0 0.0 0.0 1.0 288.0 1.0 0.0
u491 1.0 27.58 2.04 1.0 6.0 4.0 2.0 1.0 1.0 3.0 1.0 2.0 370.0 561.0 1.0
u492 1.0 30.17 6.5 2.0 13.0 4.0 3.125 1.0 1.0 8.0 0.0 2.0 330.0 1201.0 1.0
u493 1.0 51.83 2.04 1.0 1.0 1.0 1.5 0.0 0.0 0.0 0.0 2.0 120.0 2.0 0.0
u494 0.0 25.0 11.0 1.0 6.0 4.0 4.5 1.0 0.0 0.0 0.0 2.0 120.0 1.0 0.0
u495 1.0 29.67 0.75 1.0 8.0 4.0 0.04 0.0 0.0 0.0 0.0 2.0 240.0 1.0 0.0
u496 0.0 33.67 0.375 2.0 13.0 4.0 0.375 0.0 0.0 0.0 0.0 2.0 300.0 45.0 1.0
u497 1.0 25.75 0.75 2.0 8.0 5.0 0.25 1.0 0.0 0.0 0.0 2.0 349.0 24.0 1.0
u498 0.0 28.67 1.04 2.0 8.0 4.0 2.5 1.0 1.0 5.0 1.0 2.0 300.0 1431.0 1.0
u499 0.0 18.08 0.375 3.0 13.0 1.0 10.0 0.0 0.0 0.0 1.0 1.0 300.0 1.0 1.0
u500 1.0 20.42 7.0 2.0 8.0 4.0 1.625 1.0 1.0 3.0 0.0 2.0 200.0 1392.0 1.0
u501 1.0 17.5 22.0 3.0 1.0 7.0 0.0 0.0 0.0 0.0 1.0 3.0 450.0 100001.0 1.0
u502 1.0 18.08 6.75 1.0 7.0 4.0 0.04 0.0 0.0 0.0 0.0 2.0 140.0 1.0 0.0
u503 1.0 47.67 2.5 2.0 7.0 5.0 2.5 1.0 1.0 12.0 1.0 2.0 410.0 2511.0 1.0
u504 1.0 57.42 8.5 2.0 10.0 8.0 7.0 1.0 1.0 3.0 0.0 2.0 0.0 1.0 1.0
u505 1.0 13.75 4.0 1.0 9.0 4.0 1.75 1.0 1.0 2.0 1.0 2.0 120.0 1001.0 1.0
u506 1.0 19.33 9.5 2.0 11.0 4.0 1.0 1.0 0.0 0.0 1.0 2.0 60.0 401.0 1.0
u507 0.0 21.92 11.665 2.0 4.0 8.0 0.085 0.0 0.0 0.0 0.0 2.0 320.0 6.0 0.0
u508 1.0 17.58 10.0 2.0 9.0 8.0 0.165 0.0 1.0 1.0 0.0 2.0 120.0 2.0 0.0
u509 1.0 34.83 2.5 1.0 9.0 4.0 3.0 0.0 0.0 0.0 0.0 1.0 200.0 1.0 0.0
u510 1.0 29.17 3.5 2.0 9.0 4.0 3.5 1.0 1.0 3.0 1.0 2.0 329.0 1.0 0.0
u511 1.0 21.42 0.75 1.0 12.0 7.0 0.75 0.0 0.0 0.0 1.0 2.0 132.0 3.0 0.0
u512 1.0 18.17 10.25 2.0 8.0 8.0 1.085 0.0 0.0 0.0 0.0 2.0 320.0 14.0 0.0
u513 1.0 28.0 3.0 2.0 9.0 4.0 0.75 0.0 0.0 0.0 1.0 2.0 300.0 68.0 0.0
u514 0.0 45.83 10.5 2.0 11.0 4.0 5.0 1.0 1.0 7.0 1.0 2.0 0.0 1.0 1.0
u515 1.0 22.75 11.5 2.0 3.0 4.0 0.415 0.0 0.0 0.0 0.0 2.0 0.0 1.0 0.0
u516 0.0 31.57 3.5 2.0 2.0 4.0 3.0 1.0 0.0 0.0 1.0 2.0 300.0 1.0 0.0
u517 0.0 20.42 7.5 2.0 4.0 4.0 1.5 1.0 1.0 1.0 0.0 2.0 160.0 235.0 1.0
u518 0.0 21.25 2.335 2.0 3.0 5.0 0.5 1.0 1.0 4.0 0.0 1.0 80.0 1.0 1.0
u519 1.0 26.67 4.25 2.0 13.0 4.0 4.29 1.0 1.0 1.0 1.0 2.0 120.0 1.0 1.0
u520 0.0 27.33 1.665 2.0 1.0 1.0 0.0 0.0 0.0 0.0 0.0 2.0 340.0 2.0 0.0
u521 1.0 42.08 1.04 2.0 9.0 4.0 5.0 1.0 1.0 6.0 1.0 2.0 500.0 10001.0 1.0
u522 0.0 18.25 10.0 2.0 9.0 4.0 1.0 0.0 1.0 1.0 0.0 2.0 120.0 2.0 0.0
u523 0.0 28.5 1.0 2.0 11.0 4.0 1.0 1.0 1.0 2.0 1.0 2.0 167.0 501.0 0.0
u524 0.0 21.5 6.0 2.0 6.0 4.0 2.5 1.0 1.0 3.0 0.0 2.0 80.0 919.0 1.0
u525 1.0 21.83 11.0 2.0 14.0 4.0 0.29 1.0 1.0 6.0 0.0 2.0 121.0 1.0 1.0
u526 1.0 21.92 0.5 2.0 8.0 4.0 0.125 0.0 0.0 0.0 0.0 2.0 360.0 1.0 0.0
u527 1.0 32.67 9.0 1.0 9.0 8.0 5.25 1.0 0.0 0.0 1.0 2.0 154.0 1.0 1.0
u528 0.0 45.33 1.0 2.0 11.0 4.0 0.125 0.0 0.0 0.0 1.0 2.0 263.0 1.0 0.0
u529 0.0 23.58 0.585 1.0 1.0 1.0 0.125 0.0 0.0 0.0 0.0 2.0 120.0 88.0 0.0
u530 0.0 17.92 0.54 2.0 8.0 4.0 1.75 0.0 1.0 1.0 1.0 2.0 80.0 6.0 0.0
u531 1.0 33.0 2.5 1.0 9.0 4.0 7.0 0.0 0.0 0.0 1.0 2.0 280.0 1.0 0.0
u532 0.0 22.67 0.335 2.0 11.0 4.0 0.75 0.0 0.0 0.0 0.0 1.0 160.0 1.0 0.0
u533 1.0 34.67 1.08 2.0 7.0 4.0 1.165 0.0 0.0 0.0 0.0 1.0 28.0 1.0 0.0
u534 1.0 29.67 1.415 2.0 9.0 8.0 0.75 1.0 1.0 1.0 0.0 2.0 240.0 101.0 1.0
u535 1.0 31.83 2.5 2.0 6.0 4.0 7.5 1.0 0.0 0.0 1.0 2.0 523.0 1.0 0.0
u536 0.0 20.67 1.835 2.0 11.0 4.0 2.085 1.0 1.0 5.0 0.0 2.0 220.0 2504.0 1.0
u537 1.0 33.75 2.75 2.0 3.0 5.0 0.0 0.0 0.0 0.0 0.0 2.0 180.0 1.0 0.0
u538 1.0 22.08 0.83 2.0 8.0 8.0 2.165 0.0 0.0 0.0 1.0 2.0 128.0 1.0 1.0
u539 0.0 35.42 12.0 2.0 11.0 8.0 14.0 1.0 1.0 8.0 0.0 2.0 0.0 6591.0 1.0
u540 1.0 31.92 4.46 2.0 13.0 8.0 6.04 1.0 1.0 3.0 0.0 2.0 311.0 301.0 1.0
u541 0.0 22.67 0.79 2.0 3.0 4.0 0.085 0.0 0.0 0.0 0.0 2.0 144.0 1.0 0.0
u542 1.0 26.67 14.585 2.0 3.0 5.0 0.0 0.0 0.0 0.0 1.0 2.0 178.0 1.0 0.0
u543 1.0 44.0 2.0 2.0 7.0 4.0 1.75 1.0 1.0 2.0 1.0 2.0 0.0 16.0 1.0
u544 1.0 30.17 1.085 1.0 8.0 4.0 0.04 0.0 0.0 0.0 0.0 2.0 170.0 180.0 0.0
u545 1.0 37.75 7.0 2.0 11.0 8.0 11.5 1.0 1.0 7.0 1.0 2.0 300.0 6.0 0.0
u546 1.0 17.08 0.085 1.0 8.0 4.0 0.04 0.0 0.0 0.0 0.0 2.0 140.0 723.0 0.0
u547 1.0 49.17 2.29 2.0 1.0 1.0 0.29 0.0 0.0 0.0 0.0 2.0 200.0 4.0 0.0
u548 1.0 22.92 0.17 2.0 7.0 4.0 0.085 0.0 0.0 0.0 0.0 1.0 0.0 1.0 0.0
u549 0.0 34.83 1.25 1.0 3.0 8.0 0.5 0.0 0.0 0.0 1.0 2.0 160.0 1.0 0.0
u550 1.0 44.25 11.0 1.0 2.0 4.0 1.5 1.0 0.0 0.0 0.0 1.0 0.0 1.0 0.0
u551 1.0 59.5 2.75 2.0 9.0 4.0 1.75 1.0 1.0 5.0 1.0 2.0 60.0 59.0 1.0
u552 1.0 25.5 0.375 2.0 7.0 4.0 0.25 1.0 1.0 3.0 0.0 2.0 260.0 15109.0 1.0
u553 0.0 41.58 1.04 2.0 6.0 4.0 0.665 0.0 0.0 0.0 0.0 2.0 240.0 238.0 0.0
u554 1.0 49.58 19.0 2.0 1.0 1.0 0.0 1.0 1.0 1.0 0.0 2.0 94.0 1.0 0.0
u555 0.0 33.92 1.585 1.0 1.0 1.0 0.0 1.0 0.0 0.0 0.0 2.0 320.0 1.0 0.0
u556 1.0 19.17 4.0 1.0 3.0 4.0 1.0 0.0 0.0 0.0 1.0 2.0 360.0 1001.0 0.0
u557 0.0 24.5 2.415 1.0 8.0 4.0 0.0 0.0 0.0 0.0 0.0 2.0 120.0 1.0 0.0
u558 1.0 23.33 1.5 2.0 8.0 8.0 1.415 1.0 0.0 0.0 0.0 2.0 422.0 201.0 1.0
u559 1.0 69.17 9.0 2.0 1.0 1.0 4.0 0.0 1.0 1.0 0.0 2.0 70.0 7.0 0.0
u560 1.0 47.67 0.29 2.0 8.0 5.0 15.0 1.0 1.0 20.0 0.0 2.0 0.0 15001.0 1.0
u561 0.0 33.25 2.5 1.0 8.0 4.0 2.5 0.0 0.0 0.0 1.0 2.0 0.0 3.0 0.0
u562 1.0 43.25 3.0 2.0 11.0 8.0 6.0 1.0 1.0 11.0 0.0 2.0 80.0 1.0 1.0
u563 1.0 23.0 0.625 1.0 6.0 4.0 0.125 1.0 0.0 0.0 0.0 2.0 180.0 2.0 0.0
u564 1.0 34.75 2.5 2.0 13.0 5.0 0.5 0.0 0.0 0.0 0.0 2.0 348.0 1.0 0.0
u565 1.0 56.58 18.5 2.0 2.0 5.0 15.0 1.0 1.0 17.0 1.0 2.0 0.0 1.0 1.0
u566 0.0 44.17 6.665 2.0 11.0 4.0 7.375 1.0 1.0 3.0 1.0 2.0 0.0 1.0 1.0
u567 0.0 44.33 0.0 2.0 8.0 4.0 2.5 1.0 0.0 0.0 0.0 2.0 0.0 1.0 1.0
u568 1.0 34.25 1.75 2.0 9.0 5.0 0.25 1.0 0.0 0.0 1.0 2.0 163.0 1.0 0.0
u569 0.0 45.0 4.585 2.0 4.0 8.0 1.0 0.0 0.0 0.0 1.0 1.0 240.0 1.0 0.0
u570 1.0 30.58 2.71 1.0 7.0 4.0 0.125 0.0 0.0 0.0 1.0 1.0 80.0 1.0 0.0
u571 1.0 27.67 0.75 2.0 11.0 8.0 0.165 0.0 0.0 0.0 1.0 2.0 220.0 252.0 0.0
u572 1.0 19.42 7.25 2.0 7.0 4.0 0.04 0.0 1.0 1.0 0.0 2.0 100.0 2.0 0.0
u573 0.0 41.33 1.0 2.0 3.0 5.0 2.25 1.0 0.0 0.0 1.0 2.0 0.0 301.0 1.0
u574 0.0 23.5 1.5 2.0 9.0 4.0 0.875 0.0 0.0 0.0 1.0 2.0 160.0 1.0 0.0
u575 1.0 31.67 0.83 2.0 14.0 4.0 1.335 1.0 1.0 8.0 1.0 2.0 303.0 3291.0 1.0
u576 0.0 17.83 11.0 2.0 14.0 8.0 1.0 1.0 1.0 11.0 0.0 2.0 0.0 3001.0 1.0
u577 0.0 33.17 2.25 1.0 13.0 4.0 3.5 0.0 0.0 0.0 1.0 2.0 200.0 142.0 0.0
u578 0.0 52.5 7.0 2.0 6.0 8.0 3.0 0.0 0.0 0.0 0.0 2.0 0.0 1.0 0.0
u579 0.0 25.42 1.125 2.0 11.0 4.0 1.29 1.0 1.0 2.0 0.0 2.0 200.0 1.0 0.0
u580 1.0 40.58 1.5 2.0 3.0 5.0 0.0 0.0 0.0 0.0 0.0 1.0 300.0 1.0 0.0
u581 1.0 23.92 0.585 1.0 13.0 8.0 0.125 0.0 0.0 0.0 0.0 2.0 240.0 2.0 0.0
u582 1.0 56.0 12.5 2.0 4.0 8.0 8.0 1.0 0.0 0.0 1.0 2.0 24.0 2029.0 1.0
u583 0.0 28.5 3.04 1.0 14.0 8.0 2.54 1.0 1.0 1.0 0.0 2.0 70.0 1.0 1.0
u584 1.0 32.08 4.0 2.0 7.0 4.0 2.5 1.0 0.0 0.0 1.0 2.0 360.0 1.0 1.0
u585 1.0 21.17 0.875 1.0 8.0 8.0 0.25 0.0 0.0 0.0 0.0 2.0 280.0 205.0 0.0
u586 1.0 34.17 9.17 2.0 8.0 4.0 4.5 1.0 1.0 12.0 1.0 2.0 0.0 222.0 1.0
u587 1.0 43.25 25.21 2.0 11.0 8.0 0.21 1.0 1.0 1.0 0.0 2.0 760.0 91.0 0.0
u588 0.0 38.25 6.0 2.0 4.0 4.0 1.0 1.0 0.0 0.0 1.0 2.0 0.0 1.0 1.0
u589 1.0 37.42 2.04 2.0 9.0 4.0 0.04 1.0 0.0 0.0 1.0 2.0 400.0 5801.0 1.0
u590 1.0 29.83 2.04 1.0 14.0 8.0 0.04 0.0 0.0 0.0 0.0 2.0 128.0 2.0 0.0
u591 1.0 37.33 2.665 2.0 13.0 4.0 0.165 0.0 0.0 0.0 1.0 2.0 0.0 502.0 0.0
u592 1.0 31.33 19.5 2.0 8.0 4.0 7.0 1.0 1.0 16.0 0.0 2.0 0.0 5001.0 1.0
u593 1.0 36.08 2.54 2.0 1.0 1.0 0.0 0.0 0.0 0.0 0.0 2.0 0.0 1001.0 0.0
u594 1.0 20.5 2.415 2.0 8.0 4.0 2.0 1.0 1.0 11.0 1.0 2.0 200.0 3001.0 1.0
u595 1.0 47.17 5.835 2.0 9.0 4.0 5.5 0.0 0.0 0.0 0.0 2.0 465.0 151.0 0.0
u596 1.0 22.0 7.835 1.0 3.0 5.0 0.165 0.0 0.0 0.0 1.0 2.0 184.0 1.0 0.0
u597 1.0 20.5 10.0 1.0 8.0 4.0 2.5 1.0 0.0 0.0 0.0 1.0 40.0 1.0 1.0
u598 1.0 34.92 2.5 2.0 9.0 4.0 0.0 1.0 0.0 0.0 1.0 2.0 239.0 201.0 1.0
u599 1.0 24.08 0.875 2.0 7.0 4.0 0.085 0.0 1.0 4.0 0.0 2.0 254.0 1951.0 0.0
u600 1.0 37.33 6.5 2.0 7.0 8.0 4.25 1.0 1.0 12.0 1.0 2.0 93.0 1.0 1.0
u601 0.0 20.75 9.54 2.0 3.0 4.0 0.04 0.0 0.0 0.0 0.0 2.0 200.0 1001.0 0.0
u602 1.0 36.67 3.25 2.0 11.0 8.0 9.0 1.0 0.0 0.0 1.0 2.0 102.0 640.0 1.0
u603 1.0 22.58 10.04 2.0 14.0 4.0 0.04 1.0 1.0 9.0 0.0 2.0 60.0 397.0 1.0
u604 0.0 26.92 13.5 2.0 11.0 8.0 5.0 1.0 1.0 2.0 0.0 2.0 0.0 5001.0 1.0
u605 0.0 46.67 0.46 2.0 13.0 8.0 0.415 1.0 1.0 11.0 1.0 2.0 440.0 7.0 1.0
u606 0.0 52.17 0.0 1.0 1.0 1.0 0.0 0.0 0.0 0.0 0.0 2.0 0.0 1.0 0.0
u607 1.0 39.17 2.5 1.0 3.0 8.0 10.0 0.0 0.0 0.0 1.0 1.0 200.0 1.0 0.0
u608 1.0 39.17 1.625 2.0 8.0 4.0 1.5 1.0 1.0 10.0 0.0 2.0 186.0 4701.0 1.0
u609 0.0 27.67 2.04 2.0 9.0 4.0 0.25 0.0 0.0 0.0 1.0 2.0 180.0 51.0 0.0
u610 1.0 19.17 9.5 2.0 9.0 4.0 1.5 1.0 0.0 0.0 0.0 2.0 120.0 2207.0 1.0
u611 1.0 39.5 4.25 2.0 8.0 5.0 6.5 1.0 1.0 16.0 0.0 2.0 117.0 1211.0 1.0
u612 1.0 36.42 0.75 1.0 2.0 4.0 0.585 0.0 0.0 0.0 0.0 2.0 240.0 4.0 0.0
u613 1.0 26.17 0.25 2.0 3.0 5.0 0.0 1.0 0.0 0.0 1.0 2.0 0.0 1.0 1.0
u614 1.0 39.42 1.71 1.0 7.0 4.0 0.165 0.0 0.0 0.0 0.0 1.0 400.0 1.0 0.0
u615 1.0 41.92 0.42 2.0 8.0 8.0 0.21 1.0 1.0 6.0 0.0 2.0 220.0 949.0 1.0
u616 1.0 21.33 7.5 2.0 6.0 4.0 1.415 1.0 1.0 1.0 0.0 2.0 80.0 9801.0 1.0
u617 0.0 20.08 1.25 2.0 8.0 4.0 0.0 0.0 0.0 0.0 0.0 2.0 0.0 1.0 0.0
u618 0.0 27.58 3.0 2.0 7.0 4.0 2.79 0.0 1.0 1.0 1.0 2.0 280.0 11.0 0.0
u619 1.0 21.58 0.79 1.0 13.0 4.0 0.665 0.0 0.0 0.0 0.0 2.0 160.0 1.0 0.0
u620 1.0 28.25 5.125 2.0 14.0 4.0 4.75 1.0 1.0 2.0 0.0 2.0 420.0 8.0 1.0
u621 1.0 26.92 2.25 2.0 3.0 5.0 0.5 0.0 0.0 0.0 1.0 2.0 640.0 4001.0 0.0
u622 0.0 18.42 9.25 2.0 11.0 4.0 1.21 1.0 1.0 4.0 0.0 2.0 60.0 541.0 1.0
u623 0.0 23.25 5.875 2.0 11.0 4.0 3.17 1.0 1.0 10.0 0.0 2.0 120.0 246.0 1.0
u624 1.0 23.58 1.79 2.0 8.0 4.0 0.54 0.0 0.0 0.0 1.0 2.0 136.0 2.0 0.0
u625 1.0 28.33 5.0 2.0 9.0 4.0 11.0 1.0 0.0 0.0 1.0 2.0 70.0 1.0 1.0
u626 1.0 25.67 2.21 1.0 6.0 4.0 4.0 1.0 0.0 0.0 0.0 2.0 188.0 1.0 0.0
u627 0.0 28.58 1.665 2.0 11.0 4.0 2.415 1.0 0.0 0.0 1.0 2.0 440.0 1.0 0.0
u628 1.0 22.92 3.165 1.0 8.0 4.0 0.165 0.0 0.0 0.0 0.0 2.0 160.0 1059.0 0.0
u629 0.0 24.5 1.04 1.0 1.0 1.0 0.5 1.0 1.0 3.0 0.0 2.0 180.0 148.0 0.0
u630 1.0 24.75 0.54 2.0 7.0 4.0 1.0 0.0 0.0 0.0 1.0 2.0 120.0 2.0 0.0
u631 1.0 32.0 1.75 1.0 10.0 8.0 0.04 1.0 0.0 0.0 1.0 2.0 393.0 1.0 1.0
u632 1.0 48.08 3.75 2.0 3.0 5.0 1.0 0.0 0.0 0.0 0.0 2.0 100.0 3.0 0.0
u633 0.0 28.42 3.5 2.0 9.0 4.0 0.835 1.0 0.0 0.0 0.0 1.0 280.0 1.0 1.0
u634 1.0 25.42 0.54 2.0 9.0 4.0 0.165 0.0 1.0 1.0 0.0 2.0 272.0 445.0 0.0
u635 1.0 18.58 10.29 2.0 1.0 1.0 0.415 0.0 0.0 0.0 0.0 2.0 80.0 1.0 0.0
u636 1.0 21.67 1.165 1.0 4.0 4.0 2.5 1.0 1.0 1.0 0.0 2.0 180.0 21.0 0.0
u637 1.0 24.58 1.25 2.0 8.0 4.0 0.25 0.0 0.0 0.0 0.0 2.0 110.0 1.0 0.0
u638 1.0 16.33 4.085 2.0 3.0 8.0 0.415 0.0 0.0 0.0 1.0 2.0 120.0 1.0 0.0
u639 1.0 26.75 2.0 2.0 2.0 4.0 0.75 0.0 0.0 0.0 1.0 2.0 80.0 1.0 0.0
u640 1.0 48.17 3.5 2.0 6.0 4.0 3.5 1.0 0.0 0.0 0.0 1.0 230.0 1.0 1.0
u641 1.0 23.5 2.75 2.0 1.0 1.0 4.5 0.0 0.0 0.0 0.0 2.0 160.0 26.0 0.0
u642 0.0 41.0 2.04 1.0 11.0 8.0 0.125 1.0 1.0 23.0 1.0 2.0 455.0 1237.0 1.0
u643 1.0 35.17 25.125 2.0 14.0 8.0 1.625 1.0 1.0 1.0 1.0 2.0 515.0 501.0 1.0
u644 1.0 23.75 12.0 2.0 8.0 4.0 2.085 0.0 0.0 0.0 0.0 1.0 80.0 1.0 0.0
u645 1.0 18.67 5.0 2.0 11.0 4.0 0.375 1.0 1.0 2.0 0.0 2.0 0.0 39.0 0.0
u646 1.0 30.33 0.5 2.0 2.0 8.0 0.085 0.0 0.0 0.0 1.0 1.0 252.0 1.0 0.0
u647 0.0 19.75 0.75 2.0 8.0 4.0 0.795 1.0 1.0 5.0 1.0 2.0 140.0 6.0 0.0
u648 1.0 26.17 0.835 2.0 13.0 4.0 1.165 0.0 0.0 0.0 0.0 2.0 100.0 1.0 0.0
u649 1.0 28.75 1.5 1.0 8.0 4.0 1.5 1.0 0.0 0.0 1.0 2.0 0.0 226.0 0.0
u650 1.0 28.67 9.335 2.0 11.0 8.0 5.665 1.0 1.0 6.0 0.0 2.0 381.0 169.0 1.0
u651 1.0 26.0 1.0 2.0 11.0 4.0 1.75 1.0 0.0 0.0 1.0 2.0 280.0 1.0 1.0
u652 1.0 23.5 3.165 1.0 4.0 4.0 0.415 0.0 1.0 1.0 1.0 2.0 280.0 81.0 0.0
u653 1.0 26.33 13.0 2.0 10.0 2.0 0.0 0.0 0.0 0.0 1.0 2.0 140.0 1111.0 0.0
u654 1.0 54.33 6.75 2.0 8.0 8.0 2.625 1.0 1.0 11.0 1.0 2.0 0.0 285.0 1.0
u655 1.0 31.57 0.375 2.0 2.0 4.0 0.875 1.0 0.0 0.0 1.0 1.0 928.0 1.0 0.0
u656 0.0 25.25 12.5 2.0 2.0 4.0 1.0 0.0 0.0 0.0 1.0 2.0 180.0 1063.0 0.0
u657 1.0 33.17 3.165 1.0 14.0 4.0 3.165 1.0 1.0 3.0 1.0 2.0 380.0 1.0 1.0
u658 1.0 39.5 1.625 2.0 8.0 4.0 1.5 0.0 0.0 0.0 0.0 2.0 0.0 317.0 0.0
u659 0.0 17.67 0.0 1.0 5.0 1.0 0.0 0.0 0.0 0.0 0.0 2.0 86.0 1.0 0.0
u660 1.0 23.92 0.665 2.0 8.0 4.0 0.165 0.0 0.0 0.0 0.0 2.0 100.0 1.0 1.0
u661 1.0 26.67 2.71 1.0 13.0 4.0 5.25 1.0 1.0 1.0 0.0 2.0 211.0 1.0 1.0
u662 0.0 22.5 0.415 2.0 3.0 4.0 0.335 0.0 0.0 0.0 1.0 1.0 144.0 1.0 0.0
u663 1.0 39.92 0.54 1.0 6.0 4.0 0.5 1.0 1.0 3.0 0.0 2.0 200.0 1001.0 1.0
u664 0.0 26.08 8.665 2.0 6.0 4.0 1.415 1.0 0.0 0.0 0.0 2.0 160.0 151.0 1.0
u665 1.0 20.0 0.0 2.0 2.0 4.0 0.5 0.0 0.0 0.0 0.0 2.0 144.0 1.0 0.0
u666 1.0 31.57 4.0 1.0 3.0 4.0 0.085 0.0 0.0 0.0 1.0 2.0 411.0 1.0 0.0
u667 1.0 26.75 4.5 1.0 8.0 5.0 2.5 0.0 0.0 0.0 0.0 2.0 200.0 1211.0 0.0
u668 0.0 24.92 1.25 2.0 1.0 1.0 0.0 1.0 0.0 0.0 0.0 2.0 80.0 1.0 0.0
u669 0.0 32.25 1.5 2.0 8.0 4.0 0.25 0.0 0.0 0.0 1.0 2.0 372.0 123.0 0.0
u670 1.0 17.67 4.46 2.0 8.0 4.0 0.25 0.0 0.0 0.0 0.0 1.0 80.0 1.0 0.0
u671 0.0 37.75 5.5 2.0 11.0 4.0 0.125 1.0 0.0 0.0 1.0 2.0 228.0 1.0 1.0
u672 1.0 22.67 2.54 1.0 8.0 8.0 2.585 1.0 0.0 0.0 0.0 2.0 0.0 1.0 1.0
u673 0.0 17.92 10.21 2.0 1.0 1.0 0.0 0.0 0.0 0.0 0.0 2.0 0.0 51.0 0.0
u674 1.0 24.42 12.335 2.0 11.0 8.0 1.585 1.0 0.0 0.0 1.0 2.0 120.0 1.0 1.0
u675 0.0 25.75 0.5 2.0 8.0 8.0 0.875 1.0 0.0 0.0 1.0 2.0 491.0 1.0 1.0
u676 1.0 26.17 12.5 1.0 4.0 8.0 1.25 0.0 0.0 0.0 1.0 2.0 0.0 18.0 0.0
u677 0.0 22.75 6.165 2.0 6.0 4.0 0.165 0.0 0.0 0.0 0.0 2.0 220.0 1001.0 0.0
u678 1.0 23.0 0.75 2.0 7.0 4.0 0.5 1.0 0.0 0.0 1.0 1.0 320.0 1.0 0.0
u679 1.0 25.67 0.29 1.0 8.0 4.0 1.5 0.0 0.0 0.0 1.0 2.0 160.0 1.0 0.0
u680 1.0 48.58 0.205 1.0 4.0 4.0 0.25 1.0 1.0 11.0 0.0 2.0 380.0 2733.0 1.0
u681 1.0 21.17 0.0 2.0 8.0 4.0 0.5 0.0 0.0 0.0 1.0 1.0 0.0 1.0 0.0
u682 1.0 35.25 16.5 1.0 8.0 4.0 4.0 1.0 0.0 0.0 0.0 2.0 80.0 1.0 0.0
u683 0.0 22.92 11.585 2.0 13.0 4.0 0.04 1.0 0.0 0.0 0.0 2.0 80.0 1350.0 1.0
u684 0.0 48.17 1.335 2.0 3.0 7.0 0.335 0.0 0.0 0.0 0.0 2.0 0.0 121.0 0.0
u685 1.0 43.0 0.29 1.0 13.0 8.0 1.75 1.0 1.0 8.0 0.0 2.0 100.0 376.0 1.0
u686 1.0 31.57 10.5 2.0 14.0 4.0 6.5 1.0 0.0 0.0 0.0 2.0 0.0 1.0 1.0
u687 1.0 20.67 0.415 2.0 8.0 4.0 0.125 0.0 0.0 0.0 0.0 2.0 0.0 45.0 0.0
u688 0.0 18.83 9.54 2.0 6.0 4.0 0.085 1.0 0.0 0.0 0.0 2.0 100.0 1.0 1.0
u689 0.0 27.42 14.5 2.0 14.0 8.0 3.085 1.0 1.0 1.0 0.0 2.0 120.0 12.0 1.0
u690 1.0 41.0 0.04 2.0 10.0 4.0 0.04 0.0 1.0 1.0 0.0 1.0 560.0 1.0 1.0